question_id,model,benchmark,predicted,gold,result,scoring_method
Mercury_7175875,google/gemma-3-1b-it,arc_challenge,D,C,wrong,loglikelihood
Mercury_SC_409171,google/gemma-3-1b-it,arc_challenge,B,B,correct,loglikelihood
Mercury_SC_408547,google/gemma-3-1b-it,arc_challenge,C,C,correct,loglikelihood
Mercury_407327,google/gemma-3-1b-it,arc_challenge,D,D,correct,loglikelihood
MCAS_2006_9_44,google/gemma-3-1b-it,arc_challenge,C,D,wrong,loglikelihood
Mercury_7270393,google/gemma-3-1b-it,arc_challenge,C,B,wrong,loglikelihood
MCAS_2014_5_7,google/gemma-3-1b-it,arc_challenge,B,C,wrong,loglikelihood
Mercury_7086660,google/gemma-3-1b-it,arc_challenge,C,C,correct,loglikelihood
Mercury_7168805,google/gemma-3-1b-it,arc_challenge,B,B,correct,loglikelihood
MCAS_2003_8_11,google/gemma-3-1b-it,arc_challenge,A,A,correct,loglikelihood
Mercury_7250058,google/gemma-3-1b-it,arc_challenge,C,B,wrong,loglikelihood
Mercury_7012740,google/gemma-3-1b-it,arc_challenge,C,A,wrong,loglikelihood
Mercury_LBS10610,google/gemma-3-1b-it,arc_challenge,A,C,wrong,loglikelihood
Mercury_SC_407400,google/gemma-3-1b-it,arc_challenge,D,C,wrong,loglikelihood
Mercury_7212993,google/gemma-3-1b-it,arc_challenge,D,C,wrong,loglikelihood
Mercury_SC_413240,google/gemma-3-1b-it,arc_challenge,C,A,wrong,loglikelihood
Mercury_7186358,google/gemma-3-1b-it,arc_challenge,B,C,wrong,loglikelihood
Mercury_7166425,google/gemma-3-1b-it,arc_challenge,A,B,wrong,loglikelihood
MDSA_2007_8_3,google/gemma-3-1b-it,arc_challenge,A,A,correct,loglikelihood
Mercury_7094290,google/gemma-3-1b-it,arc_challenge,A,C,wrong,loglikelihood
Mercury_7186568,google/gemma-3-1b-it,arc_challenge,C,B,wrong,loglikelihood
Mercury_402216,google/gemma-3-1b-it,arc_challenge,B,B,correct,loglikelihood
Mercury_404894,google/gemma-3-1b-it,arc_challenge,A,A,correct,loglikelihood
MCAS_2002_8_11,google/gemma-3-1b-it,arc_challenge,A,C,wrong,loglikelihood
Mercury_SC_405086,google/gemma-3-1b-it,arc_challenge,D,B,wrong,loglikelihood
Mercury_SC_408324,google/gemma-3-1b-it,arc_challenge,D,D,correct,loglikelihood
Mercury_7218820,google/gemma-3-1b-it,arc_challenge,D,B,wrong,loglikelihood
Mercury_412202,google/gemma-3-1b-it,arc_challenge,C,B,wrong,loglikelihood
Mercury_SC_409139,google/gemma-3-1b-it,arc_challenge,B,C,wrong,loglikelihood
Mercury_400687,google/gemma-3-1b-it,arc_challenge,A,B,wrong,loglikelihood
Mercury_7171605,google/gemma-3-1b-it,arc_challenge,D,D,correct,loglikelihood
Mercury_7210245,google/gemma-3-1b-it,arc_challenge,C,C,correct,loglikelihood
AKDE&ED_2008_4_25,google/gemma-3-1b-it,arc_challenge,A,A,correct,loglikelihood
AKDE&ED_2008_4_19,google/gemma-3-1b-it,arc_challenge,B,C,wrong,loglikelihood
Mercury_SC_400402,google/gemma-3-1b-it,arc_challenge,B,A,wrong,loglikelihood
Mercury_7234308,google/gemma-3-1b-it,arc_challenge,D,A,wrong,loglikelihood
ACTAAP_2014_5_8,google/gemma-3-1b-it,arc_challenge,B,B,correct,loglikelihood
Mercury_400407,google/gemma-3-1b-it,arc_challenge,B,B,correct,loglikelihood
Mercury_7116288,google/gemma-3-1b-it,arc_challenge,D,C,wrong,loglikelihood
MCAS_2004_9_15-v1,google/gemma-3-1b-it,arc_challenge,C,B,wrong,loglikelihood
NYSEDREGENTS_2015_4_26,google/gemma-3-1b-it,arc_challenge,C,C,correct,loglikelihood
Mercury_SC_401620,google/gemma-3-1b-it,arc_challenge,D,A,wrong,loglikelihood
Mercury_400877,google/gemma-3-1b-it,arc_challenge,C,C,correct,loglikelihood
Mercury_7174213,google/gemma-3-1b-it,arc_challenge,D,D,correct,loglikelihood
NYSEDREGENTS_2008_8_34,google/gemma-3-1b-it,arc_challenge,A,B,wrong,loglikelihood
Mercury_7212398,google/gemma-3-1b-it,arc_challenge,D,B,wrong,loglikelihood
Mercury_SC_401290,google/gemma-3-1b-it,arc_challenge,A,C,wrong,loglikelihood
Mercury_SC_402120,google/gemma-3-1b-it,arc_challenge,B,C,wrong,loglikelihood
Mercury_184975,google/gemma-3-1b-it,arc_challenge,D,C,wrong,loglikelihood
Mercury_SC_400578,google/gemma-3-1b-it,arc_challenge,D,A,wrong,loglikelihood
MCAS_2001_8_4,google/gemma-3-1b-it,arc_challenge,C,D,wrong,loglikelihood
MCAS_2003_5_33,google/gemma-3-1b-it,arc_challenge,D,C,wrong,loglikelihood
Mercury_7068513,google/gemma-3-1b-it,arc_challenge,C,A,wrong,loglikelihood
AKDE&ED_2008_4_26,google/gemma-3-1b-it,arc_challenge,C,C,correct,loglikelihood
Mercury_7235638,google/gemma-3-1b-it,arc_challenge,C,C,correct,loglikelihood
MDSA_2009_5_20,google/gemma-3-1b-it,arc_challenge,D,B,wrong,loglikelihood
Mercury_178325,google/gemma-3-1b-it,arc_challenge,C,C,correct,loglikelihood
Mercury_7212678,google/gemma-3-1b-it,arc_challenge,B,A,wrong,loglikelihood
TAKS_2009_8_32,google/gemma-3-1b-it,arc_challenge,C,A,wrong,loglikelihood
Mercury_412681,google/gemma-3-1b-it,arc_challenge,D,C,wrong,loglikelihood
Mercury_400440,google/gemma-3-1b-it,arc_challenge,D,D,correct,loglikelihood
Mercury_SC_416529,google/gemma-3-1b-it,arc_challenge,B,B,correct,loglikelihood
MCAS_2006_8_1,google/gemma-3-1b-it,arc_challenge,C,D,wrong,loglikelihood
TIMSS_2003_8_pg80,google/gemma-3-1b-it,arc_challenge,C,C,correct,loglikelihood
Mercury_416645,google/gemma-3-1b-it,arc_challenge,A,D,wrong,loglikelihood
Mercury_406777,google/gemma-3-1b-it,arc_challenge,A,A,correct,loglikelihood
Mercury_LBS11018,google/gemma-3-1b-it,arc_challenge,A,A,correct,loglikelihood
Mercury_7139878,google/gemma-3-1b-it,arc_challenge,A,C,wrong,loglikelihood
Mercury_417147,google/gemma-3-1b-it,arc_challenge,B,B,correct,loglikelihood
Mercury_7016765,google/gemma-3-1b-it,arc_challenge,A,A,correct,loglikelihood
Mercury_415303,google/gemma-3-1b-it,arc_challenge,D,A,wrong,loglikelihood
Mercury_7215845,google/gemma-3-1b-it,arc_challenge,A,C,wrong,loglikelihood
Mercury_7136885,google/gemma-3-1b-it,arc_challenge,B,B,correct,loglikelihood
Mercury_SC_400059,google/gemma-3-1b-it,arc_challenge,D,D,correct,loglikelihood
Mercury_7044328,google/gemma-3-1b-it,arc_challenge,C,D,wrong,loglikelihood
MEA_2010_8_1,google/gemma-3-1b-it,arc_challenge,D,A,wrong,loglikelihood
Mercury_414099,google/gemma-3-1b-it,arc_challenge,B,B,correct,loglikelihood
Mercury_410807,google/gemma-3-1b-it,arc_challenge,D,B,wrong,loglikelihood
Mercury_403234,google/gemma-3-1b-it,arc_challenge,D,B,wrong,loglikelihood
Mercury_7011323,google/gemma-3-1b-it,arc_challenge,D,A,wrong,loglikelihood
Mercury_7109463,google/gemma-3-1b-it,arc_challenge,D,D,correct,loglikelihood
Mercury_SC_401277,google/gemma-3-1b-it,arc_challenge,A,C,wrong,loglikelihood
MCAS_2005_5_25,google/gemma-3-1b-it,arc_challenge,B,C,wrong,loglikelihood
Mercury_SC_401272,google/gemma-3-1b-it,arc_challenge,D,D,correct,loglikelihood
Mercury_7103600,google/gemma-3-1b-it,arc_challenge,B,D,wrong,loglikelihood
MDSA_2009_8_2,google/gemma-3-1b-it,arc_challenge,A,A,correct,loglikelihood
Mercury_7127943,google/gemma-3-1b-it,arc_challenge,A,A,correct,loglikelihood
ACTAAP_2009_7_8,google/gemma-3-1b-it,arc_challenge,B,D,wrong,loglikelihood
MCAS_2006_9_43,google/gemma-3-1b-it,arc_challenge,A,C,wrong,loglikelihood
Mercury_7252088,google/gemma-3-1b-it,arc_challenge,D,C,wrong,loglikelihood
Mercury_7084665,google/gemma-3-1b-it,arc_challenge,A,A,correct,loglikelihood
FCAT_2008_5_2,google/gemma-3-1b-it,arc_challenge,D,D,correct,loglikelihood
Mercury_SC_414041,google/gemma-3-1b-it,arc_challenge,A,D,wrong,loglikelihood
MCAS_2014_8_20,google/gemma-3-1b-it,arc_challenge,D,A,wrong,loglikelihood
Mercury_SC_401116,google/gemma-3-1b-it,arc_challenge,B,B,correct,loglikelihood
Mercury_7064680,google/gemma-3-1b-it,arc_challenge,B,C,wrong,loglikelihood
Mercury_7211680,google/gemma-3-1b-it,arc_challenge,C,C,correct,loglikelihood
Mercury_180373,google/gemma-3-1b-it,arc_challenge,A,B,wrong,loglikelihood
Mercury_7216248,google/gemma-3-1b-it,arc_challenge,D,B,wrong,loglikelihood
Mercury_SC_417677,google/gemma-3-1b-it,arc_challenge,B,B,correct,loglikelihood
Mercury_7221655,google/gemma-3-1b-it,arc_challenge,B,C,wrong,loglikelihood
MCAS_2006_9_12,google/gemma-3-1b-it,arc_challenge,D,D,correct,loglikelihood
MCAS_2004_9_2,google/gemma-3-1b-it,arc_challenge,B,A,wrong,loglikelihood
Mercury_180005,google/gemma-3-1b-it,arc_challenge,D,B,wrong,loglikelihood
Mercury_7071523,google/gemma-3-1b-it,arc_challenge,C,C,correct,loglikelihood
Mercury_7263375,google/gemma-3-1b-it,arc_challenge,A,B,wrong,loglikelihood
TIMSS_2011_8_pg102,google/gemma-3-1b-it,arc_challenge,C,D,wrong,loglikelihood
Mercury_406550,google/gemma-3-1b-it,arc_challenge,B,B,correct,loglikelihood
Mercury_SC_400057,google/gemma-3-1b-it,arc_challenge,D,D,correct,loglikelihood
TAKS_2009_5_26,google/gemma-3-1b-it,arc_challenge,C,A,wrong,loglikelihood
LEAP_2007_8_10417,google/gemma-3-1b-it,arc_challenge,D,A,wrong,loglikelihood
Mercury_7027405,google/gemma-3-1b-it,arc_challenge,D,A,wrong,loglikelihood
Mercury_7058415,google/gemma-3-1b-it,arc_challenge,C,A,wrong,loglikelihood
Mercury_7215828,google/gemma-3-1b-it,arc_challenge,B,A,wrong,loglikelihood
Mercury_7064575,google/gemma-3-1b-it,arc_challenge,B,B,correct,loglikelihood
Mercury_7097493,google/gemma-3-1b-it,arc_challenge,D,D,correct,loglikelihood
AKDE&ED_2008_8_47,google/gemma-3-1b-it,arc_challenge,B,B,correct,loglikelihood
Mercury_405136,google/gemma-3-1b-it,arc_challenge,C,C,correct,loglikelihood
Mercury_415086,google/gemma-3-1b-it,arc_challenge,C,D,wrong,loglikelihood
Mercury_7228725,google/gemma-3-1b-it,arc_challenge,D,C,wrong,loglikelihood
Mercury_7201740,google/gemma-3-1b-it,arc_challenge,A,A,correct,loglikelihood
NYSEDREGENTS_2010_4_4,google/gemma-3-1b-it,arc_challenge,C,A,wrong,loglikelihood
MEAP_2005_8_21,google/gemma-3-1b-it,arc_challenge,B,D,wrong,loglikelihood
Mercury_7026355,google/gemma-3-1b-it,arc_challenge,D,A,wrong,loglikelihood
Mercury_7249708,google/gemma-3-1b-it,arc_challenge,D,B,wrong,loglikelihood
Mercury_7107170,google/gemma-3-1b-it,arc_challenge,D,D,correct,loglikelihood
Mercury_183820,google/gemma-3-1b-it,arc_challenge,C,A,wrong,loglikelihood
Mercury_SC_401357,google/gemma-3-1b-it,arc_challenge,A,B,wrong,loglikelihood
NYSEDREGENTS_2008_8_11,google/gemma-3-1b-it,arc_challenge,C,D,wrong,loglikelihood
Mercury_416650,google/gemma-3-1b-it,arc_challenge,C,C,correct,loglikelihood
NCEOGA_2013_5_20,google/gemma-3-1b-it,arc_challenge,A,B,wrong,loglikelihood
Mercury_400500,google/gemma-3-1b-it,arc_challenge,A,C,wrong,loglikelihood
Mercury_SC_401366,google/gemma-3-1b-it,arc_challenge,C,D,wrong,loglikelihood
Mercury_7141610,google/gemma-3-1b-it,arc_challenge,C,B,wrong,loglikelihood
Mercury_7247013,google/gemma-3-1b-it,arc_challenge,C,B,wrong,loglikelihood
NYSEDREGENTS_2008_8_30,google/gemma-3-1b-it,arc_challenge,B,B,correct,loglikelihood
ACTAAP_2011_5_16,google/gemma-3-1b-it,arc_challenge,B,B,correct,loglikelihood
Mercury_7093153,google/gemma-3-1b-it,arc_challenge,B,B,correct,loglikelihood
Mercury_7013965,google/gemma-3-1b-it,arc_challenge,D,A,wrong,loglikelihood
Mercury_7034843,google/gemma-3-1b-it,arc_challenge,B,B,correct,loglikelihood
Mercury_SC_407610,google/gemma-3-1b-it,arc_challenge,D,D,correct,loglikelihood
Mercury_405947,google/gemma-3-1b-it,arc_challenge,B,C,wrong,loglikelihood
AKDE&ED_2012_8_6,google/gemma-3-1b-it,arc_challenge,B,A,wrong,loglikelihood
Mercury_7011130,google/gemma-3-1b-it,arc_challenge,D,A,wrong,loglikelihood
Mercury_LBS11022,google/gemma-3-1b-it,arc_challenge,A,A,correct,loglikelihood
TIMSS_1995_8_J1,google/gemma-3-1b-it,arc_challenge,D,C,wrong,loglikelihood
Mercury_SC_408366,google/gemma-3-1b-it,arc_challenge,D,B,wrong,loglikelihood
Mercury_7009993,google/gemma-3-1b-it,arc_challenge,A,A,correct,loglikelihood
Mercury_401699,google/gemma-3-1b-it,arc_challenge,C,C,correct,loglikelihood
Mercury_7056858,google/gemma-3-1b-it,arc_challenge,B,A,wrong,loglikelihood
Mercury_7027160,google/gemma-3-1b-it,arc_challenge,B,C,wrong,loglikelihood
Mercury_400811,google/gemma-3-1b-it,arc_challenge,D,D,correct,loglikelihood
Mercury_SC_400062,google/gemma-3-1b-it,arc_challenge,A,D,wrong,loglikelihood
Mercury_400699,google/gemma-3-1b-it,arc_challenge,C,B,wrong,loglikelihood
Mercury_7029803,google/gemma-3-1b-it,arc_challenge,B,B,correct,loglikelihood
Mercury_SC_401372,google/gemma-3-1b-it,arc_challenge,B,D,wrong,loglikelihood
Mercury_7271128,google/gemma-3-1b-it,arc_challenge,B,C,wrong,loglikelihood
Mercury_407260,google/gemma-3-1b-it,arc_challenge,B,B,correct,loglikelihood
Mercury_SC_416155,google/gemma-3-1b-it,arc_challenge,C,C,correct,loglikelihood
Mercury_402145,google/gemma-3-1b-it,arc_challenge,C,B,wrong,loglikelihood
AIMS_2009_4_5,google/gemma-3-1b-it,arc_challenge,B,A,wrong,loglikelihood
TIMSS_2003_4_pg7,google/gemma-3-1b-it,arc_challenge,C,D,wrong,loglikelihood
Mercury_7142415,google/gemma-3-1b-it,arc_challenge,A,A,correct,loglikelihood
Mercury_7212818,google/gemma-3-1b-it,arc_challenge,A,B,wrong,loglikelihood
Mercury_SC_413299,google/gemma-3-1b-it,arc_challenge,B,A,wrong,loglikelihood
Mercury_7132020,google/gemma-3-1b-it,arc_challenge,C,A,wrong,loglikelihood
MEA_2014_8_10,google/gemma-3-1b-it,arc_challenge,C,C,correct,loglikelihood
TIMSS_1995_8_N2,google/gemma-3-1b-it,arc_challenge,B,B,correct,loglikelihood
Mercury_7024465,google/gemma-3-1b-it,arc_challenge,A,A,correct,loglikelihood
Mercury_SC_415762,google/gemma-3-1b-it,arc_challenge,D,D,correct,loglikelihood
Mercury_415093,google/gemma-3-1b-it,arc_challenge,D,D,correct,loglikelihood
LEAP_2005_8_10404,google/gemma-3-1b-it,arc_challenge,B,D,wrong,loglikelihood
AIMS_2008_8_6,google/gemma-3-1b-it,arc_challenge,D,B,wrong,loglikelihood
Mercury_7057173,google/gemma-3-1b-it,arc_challenge,C,D,wrong,loglikelihood
TIMSS_2007_8_pg60,google/gemma-3-1b-it,arc_challenge,D,C,wrong,loglikelihood
AIMS_2009_8_14,google/gemma-3-1b-it,arc_challenge,B,A,wrong,loglikelihood
Mercury_185010,google/gemma-3-1b-it,arc_challenge,D,A,wrong,loglikelihood
Mercury_7206938,google/gemma-3-1b-it,arc_challenge,D,A,wrong,loglikelihood
Mercury_402501,google/gemma-3-1b-it,arc_challenge,D,B,wrong,loglikelihood
MCAS_2011_8_15365,google/gemma-3-1b-it,arc_challenge,A,C,wrong,loglikelihood
Mercury_SC_401766,google/gemma-3-1b-it,arc_challenge,C,A,wrong,loglikelihood
Mercury_7162400,google/gemma-3-1b-it,arc_challenge,D,D,correct,loglikelihood
Mercury_7086695,google/gemma-3-1b-it,arc_challenge,B,C,wrong,loglikelihood
Mercury_SC_402994,google/gemma-3-1b-it,arc_challenge,D,C,wrong,loglikelihood
Mercury_7056298,google/gemma-3-1b-it,arc_challenge,D,A,wrong,loglikelihood
Mercury_409115,google/gemma-3-1b-it,arc_challenge,B,C,wrong,loglikelihood
Mercury_409647,google/gemma-3-1b-it,arc_challenge,B,D,wrong,loglikelihood
Mercury_414352,google/gemma-3-1b-it,arc_challenge,D,A,wrong,loglikelihood
Mercury_185325,google/gemma-3-1b-it,arc_challenge,C,C,correct,loglikelihood
Mercury_SC_412374,google/gemma-3-1b-it,arc_challenge,D,C,wrong,loglikelihood
Mercury_SC_401818,google/gemma-3-1b-it,arc_challenge,A,C,wrong,loglikelihood
Mercury_SC_413549,google/gemma-3-1b-it,arc_challenge,B,B,correct,loglikelihood
Mercury_7093958,google/gemma-3-1b-it,arc_challenge,D,A,wrong,loglikelihood
Mercury_7102323,google/gemma-3-1b-it,arc_challenge,D,D,correct,loglikelihood
Mercury_7222793,google/gemma-3-1b-it,arc_challenge,C,B,wrong,loglikelihood
Mercury_SC_400701,google/gemma-3-1b-it,arc_challenge,D,A,wrong,loglikelihood
Mercury_409301,google/gemma-3-1b-it,arc_challenge,D,B,wrong,loglikelihood
Mercury_SC_400383,google/gemma-3-1b-it,arc_challenge,A,C,wrong,loglikelihood
CSZ_2005_5_CSZ10021,google/gemma-3-1b-it,arc_challenge,C,B,wrong,loglikelihood
Mercury_SC_407070,google/gemma-3-1b-it,arc_challenge,B,B,correct,loglikelihood
Mercury_SC_400708,google/gemma-3-1b-it,arc_challenge,D,C,wrong,loglikelihood
Mercury_7075040,google/gemma-3-1b-it,arc_challenge,C,C,correct,loglikelihood
Mercury_7137165,google/gemma-3-1b-it,arc_challenge,B,A,wrong,loglikelihood
Mercury_SC_400046,google/gemma-3-1b-it,arc_challenge,D,B,wrong,loglikelihood
Mercury_7099330,google/gemma-3-1b-it,arc_challenge,D,D,correct,loglikelihood
MDSA_2007_5_2,google/gemma-3-1b-it,arc_challenge,B,C,wrong,loglikelihood
Mercury_7271758,google/gemma-3-1b-it,arc_challenge,B,B,correct,loglikelihood
MCAS_2003_8_31,google/gemma-3-1b-it,arc_challenge,C,C,correct,loglikelihood
AKDE&ED_2008_8_53,google/gemma-3-1b-it,arc_challenge,A,C,wrong,loglikelihood
TIMSS_2007_8_pg109,google/gemma-3-1b-it,arc_challenge,A,C,wrong,loglikelihood
Mercury_175385,google/gemma-3-1b-it,arc_challenge,C,C,correct,loglikelihood
Mercury_410669,google/gemma-3-1b-it,arc_challenge,D,D,correct,loglikelihood
MEAP_2005_8_39,google/gemma-3-1b-it,arc_challenge,A,C,wrong,loglikelihood
Mercury_SC_408568,google/gemma-3-1b-it,arc_challenge,A,B,wrong,loglikelihood
AKDE&ED_2008_8_7,google/gemma-3-1b-it,arc_challenge,C,B,wrong,loglikelihood
Mercury_7082845,google/gemma-3-1b-it,arc_challenge,B,B,correct,loglikelihood
Mercury_SC_405726,google/gemma-3-1b-it,arc_challenge,C,D,wrong,loglikelihood
Mercury_SC_415407,google/gemma-3-1b-it,arc_challenge,A,A,correct,loglikelihood
Mercury_SC_401792,google/gemma-3-1b-it,arc_challenge,C,C,correct,loglikelihood
LEAP_2000_8_4,google/gemma-3-1b-it,arc_challenge,D,B,wrong,loglikelihood
Mercury_SC_413439,google/gemma-3-1b-it,arc_challenge,A,A,correct,loglikelihood
ACTAAP_2014_7_13,google/gemma-3-1b-it,arc_challenge,B,B,correct,loglikelihood
Mercury_SC_402638,google/gemma-3-1b-it,arc_challenge,C,A,wrong,loglikelihood
Mercury_SC_406725,google/gemma-3-1b-it,arc_challenge,B,A,wrong,loglikelihood
NYSEDREGENTS_2015_4_29,google/gemma-3-1b-it,arc_challenge,D,A,wrong,loglikelihood
Mercury_406136,google/gemma-3-1b-it,arc_challenge,A,A,correct,loglikelihood
MSA_2012_5_23,google/gemma-3-1b-it,arc_challenge,D,C,wrong,loglikelihood
Mercury_405873,google/gemma-3-1b-it,arc_challenge,A,B,wrong,loglikelihood
Mercury_7043820,google/gemma-3-1b-it,arc_challenge,A,B,wrong,loglikelihood
MCAS_2005_5_34,google/gemma-3-1b-it,arc_challenge,C,B,wrong,loglikelihood
Mercury_7182245,google/gemma-3-1b-it,arc_challenge,A,D,wrong,loglikelihood
MSA_2012_8_30,google/gemma-3-1b-it,arc_challenge,D,A,wrong,loglikelihood
Mercury_7252753,google/gemma-3-1b-it,arc_challenge,A,A,correct,loglikelihood
TAKS_2009_8_36,google/gemma-3-1b-it,arc_challenge,A,B,wrong,loglikelihood
Mercury_SC_415473,google/gemma-3-1b-it,arc_challenge,D,C,wrong,loglikelihood
Mercury_SC_413624,google/gemma-3-1b-it,arc_challenge,C,B,wrong,loglikelihood
Mercury_7016800,google/gemma-3-1b-it,arc_challenge,D,D,correct,loglikelihood
Mercury_SC_407228,google/gemma-3-1b-it,arc_challenge,C,D,wrong,loglikelihood
Mercury_414504,google/gemma-3-1b-it,arc_challenge,B,B,correct,loglikelihood
TIMSS_2011_4_pg27,google/gemma-3-1b-it,arc_challenge,A,A,correct,loglikelihood
Mercury_SC_402029,google/gemma-3-1b-it,arc_challenge,D,D,correct,loglikelihood
Mercury_7131845,google/gemma-3-1b-it,arc_challenge,D,C,wrong,loglikelihood
Mercury_SC_405533,google/gemma-3-1b-it,arc_challenge,D,B,wrong,loglikelihood
Mercury_7086748,google/gemma-3-1b-it,arc_challenge,A,A,correct,loglikelihood
MDSA_2007_8_17,google/gemma-3-1b-it,arc_challenge,C,B,wrong,loglikelihood
Mercury_7210473,google/gemma-3-1b-it,arc_challenge,C,C,correct,loglikelihood
Mercury_7214340,google/gemma-3-1b-it,arc_challenge,C,A,wrong,loglikelihood
MCAS_2005_9_17,google/gemma-3-1b-it,arc_challenge,A,C,wrong,loglikelihood
MEA_2016_8_12,google/gemma-3-1b-it,arc_challenge,A,B,wrong,loglikelihood
Mercury_SC_401278,google/gemma-3-1b-it,arc_challenge,B,B,correct,loglikelihood
Mercury_SC_407689,google/gemma-3-1b-it,arc_challenge,D,D,correct,loglikelihood
Mercury_7230405,google/gemma-3-1b-it,arc_challenge,A,B,wrong,loglikelihood
Mercury_SC_405640,google/gemma-3-1b-it,arc_challenge,A,A,correct,loglikelihood
Mercury_7201775,google/gemma-3-1b-it,arc_challenge,C,D,wrong,loglikelihood
Mercury_7177398,google/gemma-3-1b-it,arc_challenge,B,D,wrong,loglikelihood
Mercury_7041423,google/gemma-3-1b-it,arc_challenge,B,A,wrong,loglikelihood
Mercury_7004743,google/gemma-3-1b-it,arc_challenge,D,D,correct,loglikelihood
Mercury_7198468,google/gemma-3-1b-it,arc_challenge,C,A,wrong,loglikelihood
MEA_2014_5_11,google/gemma-3-1b-it,arc_challenge,D,C,wrong,loglikelihood
Mercury_410602,google/gemma-3-1b-it,arc_challenge,A,A,correct,loglikelihood
Mercury_7108868,google/gemma-3-1b-it,arc_challenge,B,C,wrong,loglikelihood
Mercury_7033828,google/gemma-3-1b-it,arc_challenge,D,D,correct,loglikelihood
TIMSS_2007_4_pg19,google/gemma-3-1b-it,arc_challenge,A,A,correct,loglikelihood
Mercury_400828,google/gemma-3-1b-it,arc_challenge,D,D,correct,loglikelihood
VASoL_2008_3_16,google/gemma-3-1b-it,arc_challenge,B,B,correct,loglikelihood
LEAP__5_10315,google/gemma-3-1b-it,arc_challenge,C,C,correct,loglikelihood
Mercury_SC_415471,google/gemma-3-1b-it,arc_challenge,B,A,wrong,loglikelihood
Mercury_7247065,google/gemma-3-1b-it,arc_challenge,C,C,correct,loglikelihood
MDSA_2011_5_3,google/gemma-3-1b-it,arc_challenge,A,B,wrong,loglikelihood
MDSA_2009_5_39,google/gemma-3-1b-it,arc_challenge,A,C,wrong,loglikelihood
Mercury_187198,google/gemma-3-1b-it,arc_challenge,C,C,correct,loglikelihood
MCAS_2000_4_36,google/gemma-3-1b-it,arc_challenge,A,A,correct,loglikelihood
Mercury_184100,google/gemma-3-1b-it,arc_challenge,D,C,wrong,loglikelihood
Mercury_LBS10814,google/gemma-3-1b-it,arc_challenge,B,B,correct,loglikelihood
Mercury_SC_408384,google/gemma-3-1b-it,arc_challenge,A,B,wrong,loglikelihood
Mercury_7043068,google/gemma-3-1b-it,arc_challenge,B,D,wrong,loglikelihood
Mercury_411071,google/gemma-3-1b-it,arc_challenge,B,B,correct,loglikelihood
NYSEDREGENTS_2010_4_24,google/gemma-3-1b-it,arc_challenge,A,B,wrong,loglikelihood
Mercury_SC_409673,google/gemma-3-1b-it,arc_challenge,D,D,correct,loglikelihood
Mercury_SC_400374,google/gemma-3-1b-it,arc_challenge,D,B,wrong,loglikelihood
CSZ_2009_8_CSZ20740,google/gemma-3-1b-it,arc_challenge,A,B,wrong,loglikelihood
Mercury_SC_406482,google/gemma-3-1b-it,arc_challenge,C,D,wrong,loglikelihood
OHAT_2007_8_24,google/gemma-3-1b-it,arc_challenge,C,A,wrong,loglikelihood
Mercury_188335,google/gemma-3-1b-it,arc_challenge,B,B,correct,loglikelihood
Mercury_7128555,google/gemma-3-1b-it,arc_challenge,D,B,wrong,loglikelihood
Mercury_407517,google/gemma-3-1b-it,arc_challenge,A,C,wrong,loglikelihood
Mercury_405950,google/gemma-3-1b-it,arc_challenge,C,C,correct,loglikelihood
MCAS_2004_9_5,google/gemma-3-1b-it,arc_challenge,C,C,correct,loglikelihood
NCEOGA_2013_8_28,google/gemma-3-1b-it,arc_challenge,A,B,wrong,loglikelihood
Mercury_SC_406451,google/gemma-3-1b-it,arc_challenge,D,C,wrong,loglikelihood
Mercury_7109323,google/gemma-3-1b-it,arc_challenge,D,D,correct,loglikelihood
Mercury_404132,google/gemma-3-1b-it,arc_challenge,B,B,correct,loglikelihood
Mercury_7210210,google/gemma-3-1b-it,arc_challenge,C,C,correct,loglikelihood
Mercury_SC_408042,google/gemma-3-1b-it,arc_challenge,B,B,correct,loglikelihood
MCAS_2004_8_14,google/gemma-3-1b-it,arc_challenge,A,C,wrong,loglikelihood
TIMSS_2011_4_pg5,google/gemma-3-1b-it,arc_challenge,A,B,wrong,loglikelihood
Mercury_SC_406833,google/gemma-3-1b-it,arc_challenge,B,C,wrong,loglikelihood
Mercury_7029558,google/gemma-3-1b-it,arc_challenge,C,C,correct,loglikelihood
Mercury_7138390,google/gemma-3-1b-it,arc_challenge,D,B,wrong,loglikelihood
MEAP_2005_5_12,google/gemma-3-1b-it,arc_challenge,D,A,wrong,loglikelihood
MCAS_2000_4_30,google/gemma-3-1b-it,arc_challenge,D,D,correct,loglikelihood
MCAS_1998_4_12,google/gemma-3-1b-it,arc_challenge,C,C,correct,loglikelihood
Mercury_175840,google/gemma-3-1b-it,arc_challenge,C,B,wrong,loglikelihood
Mercury_7099190,google/gemma-3-1b-it,arc_challenge,B,C,wrong,loglikelihood
Mercury_SC_401605,google/gemma-3-1b-it,arc_challenge,B,A,wrong,loglikelihood
TAKS_2009_5_36,google/gemma-3-1b-it,arc_challenge,C,A,wrong,loglikelihood
Mercury_7171570,google/gemma-3-1b-it,arc_challenge,B,D,wrong,loglikelihood
Mercury_SC_402057,google/gemma-3-1b-it,arc_challenge,C,C,correct,loglikelihood
Mercury_SC_413628,google/gemma-3-1b-it,arc_challenge,D,C,wrong,loglikelihood
Mercury_LBS10131,google/gemma-3-1b-it,arc_challenge,B,C,wrong,loglikelihood
Mercury_7032428,google/gemma-3-1b-it,arc_challenge,A,B,wrong,loglikelihood
Mercury_7025008,google/gemma-3-1b-it,arc_challenge,D,A,wrong,loglikelihood
MEA_2011_8_19,google/gemma-3-1b-it,arc_challenge,B,D,wrong,loglikelihood
NYSEDREGENTS_2008_8_27,google/gemma-3-1b-it,arc_challenge,B,C,wrong,loglikelihood
VASoL_2007_5_22,google/gemma-3-1b-it,arc_challenge,C,B,wrong,loglikelihood
NCEOGA_2013_5_19,google/gemma-3-1b-it,arc_challenge,D,A,wrong,loglikelihood
Mercury_7037555,google/gemma-3-1b-it,arc_challenge,B,C,wrong,loglikelihood
Mercury_402132,google/gemma-3-1b-it,arc_challenge,D,B,wrong,loglikelihood
MCAS_2006_8_24,google/gemma-3-1b-it,arc_challenge,D,A,wrong,loglikelihood
Mercury_7128923,google/gemma-3-1b-it,arc_challenge,D,B,wrong,loglikelihood
Mercury_416379,google/gemma-3-1b-it,arc_challenge,A,A,correct,loglikelihood
Mercury_7168053,google/gemma-3-1b-it,arc_challenge,B,C,wrong,loglikelihood
AKDE&ED_2008_8_1,google/gemma-3-1b-it,arc_challenge,A,A,correct,loglikelihood
Mercury_SC_415476,google/gemma-3-1b-it,arc_challenge,A,B,wrong,loglikelihood
Mercury_7106960,google/gemma-3-1b-it,arc_challenge,B,A,wrong,loglikelihood
Mercury_7160563,google/gemma-3-1b-it,arc_challenge,D,C,wrong,loglikelihood
Mercury_7068583,google/gemma-3-1b-it,arc_challenge,B,B,correct,loglikelihood
Mercury_404638,google/gemma-3-1b-it,arc_challenge,C,D,wrong,loglikelihood
Mercury_SC_407138,google/gemma-3-1b-it,arc_challenge,D,A,wrong,loglikelihood
MCAS_2000_4_10,google/gemma-3-1b-it,arc_challenge,B,D,wrong,loglikelihood
Mercury_177748,google/gemma-3-1b-it,arc_challenge,C,D,wrong,loglikelihood
MCAS_2004_9_21-v1,google/gemma-3-1b-it,arc_challenge,C,C,correct,loglikelihood
MDSA_2007_5_16,google/gemma-3-1b-it,arc_challenge,A,A,correct,loglikelihood
Mercury_401763,google/gemma-3-1b-it,arc_challenge,B,B,correct,loglikelihood
Mercury_7268118,google/gemma-3-1b-it,arc_challenge,C,C,correct,loglikelihood
Mercury_403232,google/gemma-3-1b-it,arc_challenge,D,D,correct,loglikelihood
Mercury_415081,google/gemma-3-1b-it,arc_challenge,A,A,correct,loglikelihood
Mercury_7206378,google/gemma-3-1b-it,arc_challenge,C,B,wrong,loglikelihood
CSZ30169,google/gemma-3-1b-it,arc_challenge,B,A,wrong,loglikelihood
Mercury_7013948,google/gemma-3-1b-it,arc_challenge,B,D,wrong,loglikelihood
Mercury_SC_402164,google/gemma-3-1b-it,arc_challenge,A,C,wrong,loglikelihood
Mercury_400880,google/gemma-3-1b-it,arc_challenge,B,C,wrong,loglikelihood
Mercury_7040793,google/gemma-3-1b-it,arc_challenge,D,B,wrong,loglikelihood
MDSA_2010_5_29,google/gemma-3-1b-it,arc_challenge,D,D,correct,loglikelihood
LEAP__8_10365,google/gemma-3-1b-it,arc_challenge,C,A,wrong,loglikelihood
Mercury_SC_401295,google/gemma-3-1b-it,arc_challenge,B,B,correct,loglikelihood
MCAS_2012_5_23625,google/gemma-3-1b-it,arc_challenge,A,C,wrong,loglikelihood
Mercury_7268048,google/gemma-3-1b-it,arc_challenge,D,C,wrong,loglikelihood
Mercury_SC_402629,google/gemma-3-1b-it,arc_challenge,D,A,wrong,loglikelihood
NCEOGA_2013_8_42,google/gemma-3-1b-it,arc_challenge,B,D,wrong,loglikelihood
Mercury_412463,google/gemma-3-1b-it,arc_challenge,B,D,wrong,loglikelihood
Mercury_409295,google/gemma-3-1b-it,arc_challenge,A,B,wrong,loglikelihood
Mercury_404609,google/gemma-3-1b-it,arc_challenge,D,D,correct,loglikelihood
Mercury_7230090,google/gemma-3-1b-it,arc_challenge,B,C,wrong,loglikelihood
Mercury_7057488,google/gemma-3-1b-it,arc_challenge,B,D,wrong,loglikelihood
MDSA_2009_4_1,google/gemma-3-1b-it,arc_challenge,C,D,wrong,loglikelihood
Mercury_7150728,google/gemma-3-1b-it,arc_challenge,C,A,wrong,loglikelihood
Mercury_402207,google/gemma-3-1b-it,arc_challenge,A,B,wrong,loglikelihood
Mercury_411732,google/gemma-3-1b-it,arc_challenge,D,D,correct,loglikelihood
Mercury_7270113,google/gemma-3-1b-it,arc_challenge,C,C,correct,loglikelihood
AKDE&ED_2008_8_3,google/gemma-3-1b-it,arc_challenge,D,B,wrong,loglikelihood
MCAS_1999_8_1,google/gemma-3-1b-it,arc_challenge,A,A,correct,loglikelihood
NYSEDREGENTS_2015_4_24,google/gemma-3-1b-it,arc_challenge,A,C,wrong,loglikelihood
Mercury_7122640,google/gemma-3-1b-it,arc_challenge,A,A,correct,loglikelihood
Mercury_402547,google/gemma-3-1b-it,arc_challenge,C,C,correct,loglikelihood
Mercury_7133945,google/gemma-3-1b-it,arc_challenge,D,B,wrong,loglikelihood
Mercury_7199028,google/gemma-3-1b-it,arc_challenge,A,B,wrong,loglikelihood
Mercury_7217298,google/gemma-3-1b-it,arc_challenge,A,A,correct,loglikelihood
Mercury_7057680,google/gemma-3-1b-it,arc_challenge,C,C,correct,loglikelihood
Mercury_SC_400404,google/gemma-3-1b-it,arc_challenge,C,D,wrong,loglikelihood
Mercury_SC_408030,google/gemma-3-1b-it,arc_challenge,C,A,wrong,loglikelihood
Mercury_415083,google/gemma-3-1b-it,arc_challenge,C,B,wrong,loglikelihood
Mercury_409114,google/gemma-3-1b-it,arc_challenge,D,B,wrong,loglikelihood
Mercury_SC_415006,google/gemma-3-1b-it,arc_challenge,C,A,wrong,loglikelihood
MSA_2012_5_15,google/gemma-3-1b-it,arc_challenge,B,C,wrong,loglikelihood
Mercury_SC_402612,google/gemma-3-1b-it,arc_challenge,C,D,wrong,loglikelihood
Mercury_SC_405937,google/gemma-3-1b-it,arc_challenge,C,B,wrong,loglikelihood
Mercury_SC_416459,google/gemma-3-1b-it,arc_challenge,A,C,wrong,loglikelihood
NAEP_2000_8_S21+4,google/gemma-3-1b-it,arc_challenge,D,C,wrong,loglikelihood
Mercury_7072380,google/gemma-3-1b-it,arc_challenge,D,B,wrong,loglikelihood
Mercury_SC_401373,google/gemma-3-1b-it,arc_challenge,C,A,wrong,loglikelihood
Mercury_SC_400579,google/gemma-3-1b-it,arc_challenge,C,C,correct,loglikelihood
MCAS_2003_5_14,google/gemma-3-1b-it,arc_challenge,C,C,correct,loglikelihood
MSA_2015_8_30,google/gemma-3-1b-it,arc_challenge,C,A,wrong,loglikelihood
Mercury_SC_415416,google/gemma-3-1b-it,arc_challenge,D,C,wrong,loglikelihood
NYSEDREGENTS_2012_8_42,google/gemma-3-1b-it,arc_challenge,C,B,wrong,loglikelihood
NCEOGA_2013_5_9,google/gemma-3-1b-it,arc_challenge,A,B,wrong,loglikelihood
MEAP_2005_8_45,google/gemma-3-1b-it,arc_challenge,B,D,wrong,loglikelihood
Mercury_SC_400594,google/gemma-3-1b-it,arc_challenge,B,D,wrong,loglikelihood
NCEOGA_2013_8_43,google/gemma-3-1b-it,arc_challenge,A,A,correct,loglikelihood
MCAS_2006_8_13,google/gemma-3-1b-it,arc_challenge,C,C,correct,loglikelihood
Mercury_7168823,google/gemma-3-1b-it,arc_challenge,C,D,wrong,loglikelihood
Mercury_7158935,google/gemma-3-1b-it,arc_challenge,B,C,wrong,loglikelihood
Mercury_7172708,google/gemma-3-1b-it,arc_challenge,D,B,wrong,loglikelihood
ACTAAP_2010_5_1,google/gemma-3-1b-it,arc_challenge,C,A,wrong,loglikelihood
Mercury_7093048,google/gemma-3-1b-it,arc_challenge,D,C,wrong,loglikelihood
Mercury_7081603,google/gemma-3-1b-it,arc_challenge,C,C,correct,loglikelihood
Mercury_SC_LBS11003,google/gemma-3-1b-it,arc_challenge,B,D,wrong,loglikelihood
MCAS_2005_8_2,google/gemma-3-1b-it,arc_challenge,C,C,correct,loglikelihood
ACTAAP_2010_7_14,google/gemma-3-1b-it,arc_challenge,D,C,wrong,loglikelihood
NYSEDREGENTS_2008_4_15,google/gemma-3-1b-it,arc_challenge,C,C,correct,loglikelihood
Mercury_7107240,google/gemma-3-1b-it,arc_challenge,D,A,wrong,loglikelihood
Mercury_7218628,google/gemma-3-1b-it,arc_challenge,C,C,correct,loglikelihood
MSA_2013_5_23,google/gemma-3-1b-it,arc_challenge,C,D,wrong,loglikelihood
Mercury_7081725,google/gemma-3-1b-it,arc_challenge,C,A,wrong,loglikelihood
Mercury_SC_413542,google/gemma-3-1b-it,arc_challenge,B,A,wrong,loglikelihood
Mercury_SC_407302,google/gemma-3-1b-it,arc_challenge,D,C,wrong,loglikelihood
Mercury_175053,google/gemma-3-1b-it,arc_challenge,A,D,wrong,loglikelihood
Mercury_7161315,google/gemma-3-1b-it,arc_challenge,B,B,correct,loglikelihood
Mercury_189070,google/gemma-3-1b-it,arc_challenge,B,A,wrong,loglikelihood
Mercury_7189123,google/gemma-3-1b-it,arc_challenge,D,B,wrong,loglikelihood
Mercury_SC_402171,google/gemma-3-1b-it,arc_challenge,D,D,correct,loglikelihood
Mercury_7217368,google/gemma-3-1b-it,arc_challenge,D,B,wrong,loglikelihood
Mercury_LBS10933,google/gemma-3-1b-it,arc_challenge,C,A,wrong,loglikelihood
Mercury_7223160,google/gemma-3-1b-it,arc_challenge,A,C,wrong,loglikelihood
Mercury_SC_401324,google/gemma-3-1b-it,arc_challenge,D,D,correct,loglikelihood
LEAP_2001_8_10379,google/gemma-3-1b-it,arc_challenge,C,A,wrong,loglikelihood
VASoL_2009_5_30,google/gemma-3-1b-it,arc_challenge,A,D,wrong,loglikelihood
Mercury_416404,google/gemma-3-1b-it,arc_challenge,D,D,correct,loglikelihood
Mercury_7103530,google/gemma-3-1b-it,arc_challenge,B,B,correct,loglikelihood
Mercury_7030870,google/gemma-3-1b-it,arc_challenge,C,A,wrong,loglikelihood
LEAP__7_10348,google/gemma-3-1b-it,arc_challenge,D,C,wrong,loglikelihood
Mercury_SC_406835,google/gemma-3-1b-it,arc_challenge,A,B,wrong,loglikelihood
Mercury_178255,google/gemma-3-1b-it,arc_challenge,B,B,correct,loglikelihood
MDSA_2012_8_16,google/gemma-3-1b-it,arc_challenge,B,B,correct,loglikelihood
Mercury_409645,google/gemma-3-1b-it,arc_challenge,C,D,wrong,loglikelihood
TIMSS_2003_8_pg47,google/gemma-3-1b-it,arc_challenge,A,C,wrong,loglikelihood
NYSEDREGENTS_2010_8_16,google/gemma-3-1b-it,arc_challenge,B,B,correct,loglikelihood
Mercury_7159810,google/gemma-3-1b-it,arc_challenge,A,B,wrong,loglikelihood
Mercury_7267523,google/gemma-3-1b-it,arc_challenge,D,B,wrong,loglikelihood
Mercury_SC_401006,google/gemma-3-1b-it,arc_challenge,D,A,wrong,loglikelihood
ACTAAP_2010_7_12,google/gemma-3-1b-it,arc_challenge,D,D,correct,loglikelihood
MEAP_2005_8_13,google/gemma-3-1b-it,arc_challenge,B,D,wrong,loglikelihood
Mercury_7164623,google/gemma-3-1b-it,arc_challenge,C,C,correct,loglikelihood
Mercury_417127,google/gemma-3-1b-it,arc_challenge,A,A,correct,loglikelihood
Mercury_411224,google/gemma-3-1b-it,arc_challenge,D,B,wrong,loglikelihood
TIMSS_2011_8_pg15,google/gemma-3-1b-it,arc_challenge,A,D,wrong,loglikelihood
NYSEDREGENTS_2012_8_19,google/gemma-3-1b-it,arc_challenge,B,C,wrong,loglikelihood
Mercury_7222460,google/gemma-3-1b-it,arc_challenge,C,A,wrong,loglikelihood
Mercury_7007420,google/gemma-3-1b-it,arc_challenge,C,C,correct,loglikelihood
Mercury_SC_405710,google/gemma-3-1b-it,arc_challenge,D,D,correct,loglikelihood
Mercury_SC_401375,google/gemma-3-1b-it,arc_challenge,D,C,wrong,loglikelihood
VASoL_2010_3_22,google/gemma-3-1b-it,arc_challenge,A,A,correct,loglikelihood
Mercury_SC_408358,google/gemma-3-1b-it,arc_challenge,A,A,correct,loglikelihood
NYSEDREGENTS_2013_8_42,google/gemma-3-1b-it,arc_challenge,C,B,wrong,loglikelihood
Mercury_SC_400661,google/gemma-3-1b-it,arc_challenge,D,D,correct,loglikelihood
Mercury_SC_415422,google/gemma-3-1b-it,arc_challenge,C,C,correct,loglikelihood
Mercury_SC_400162,google/gemma-3-1b-it,arc_challenge,D,D,correct,loglikelihood
Mercury_7212328,google/gemma-3-1b-it,arc_challenge,B,B,correct,loglikelihood
NCEOGA_2013_8_26,google/gemma-3-1b-it,arc_challenge,D,D,correct,loglikelihood
Mercury_SC_407696,google/gemma-3-1b-it,arc_challenge,C,B,wrong,loglikelihood
Mercury_SC_400052,google/gemma-3-1b-it,arc_challenge,B,B,correct,loglikelihood
Mercury_7212870,google/gemma-3-1b-it,arc_challenge,B,D,wrong,loglikelihood
NYSEDREGENTS_2010_8_35,google/gemma-3-1b-it,arc_challenge,A,C,wrong,loglikelihood
MCAS_2010_8_12005,google/gemma-3-1b-it,arc_challenge,A,A,correct,loglikelihood
Mercury_7218505,google/gemma-3-1b-it,arc_challenge,B,B,correct,loglikelihood
Mercury_SC_400853,google/gemma-3-1b-it,arc_challenge,D,D,correct,loglikelihood
Mercury_7210455,google/gemma-3-1b-it,arc_challenge,B,C,wrong,loglikelihood
Mercury_7174738,google/gemma-3-1b-it,arc_challenge,C,C,correct,loglikelihood
MCAS_2001_5_2,google/gemma-3-1b-it,arc_challenge,D,D,correct,loglikelihood
NYSEDREGENTS_2012_4_9,google/gemma-3-1b-it,arc_challenge,C,A,wrong,loglikelihood
Mercury_416593,google/gemma-3-1b-it,arc_challenge,D,B,wrong,loglikelihood
Mercury_7205870,google/gemma-3-1b-it,arc_challenge,D,B,wrong,loglikelihood
Mercury_SC_401798,google/gemma-3-1b-it,arc_challenge,C,C,correct,loglikelihood
Mercury_7084228,google/gemma-3-1b-it,arc_challenge,B,D,wrong,loglikelihood
Mercury_417460,google/gemma-3-1b-it,arc_challenge,A,A,correct,loglikelihood
Mercury_402539,google/gemma-3-1b-it,arc_challenge,C,B,wrong,loglikelihood
Mercury_406800,google/gemma-3-1b-it,arc_challenge,A,B,wrong,loglikelihood
Mercury_SC_408321,google/gemma-3-1b-it,arc_challenge,A,A,correct,loglikelihood
Mercury_SC_406836,google/gemma-3-1b-it,arc_challenge,D,C,wrong,loglikelihood
Mercury_SC_410963,google/gemma-3-1b-it,arc_challenge,D,D,correct,loglikelihood
Mercury_7132405,google/gemma-3-1b-it,arc_challenge,C,D,wrong,loglikelihood
Mercury_SC_408872,google/gemma-3-1b-it,arc_challenge,C,C,correct,loglikelihood
VASoL_2008_3_25,google/gemma-3-1b-it,arc_challenge,B,B,correct,loglikelihood
WASL_2005_8_12,google/gemma-3-1b-it,arc_challenge,A,A,correct,loglikelihood
AKDE&ED_2012_8_20,google/gemma-3-1b-it,arc_challenge,C,B,wrong,loglikelihood
Mercury_7056823,google/gemma-3-1b-it,arc_challenge,B,B,correct,loglikelihood
Mercury_7205800,google/gemma-3-1b-it,arc_challenge,B,B,correct,loglikelihood
Mercury_SC_402282,google/gemma-3-1b-it,arc_challenge,D,A,wrong,loglikelihood
MCAS_1998_8_26,google/gemma-3-1b-it,arc_challenge,D,C,wrong,loglikelihood
Mercury_7230318,google/gemma-3-1b-it,arc_challenge,D,D,correct,loglikelihood
Mercury_SC_416167,google/gemma-3-1b-it,arc_challenge,C,C,correct,loglikelihood
Mercury_7027720,google/gemma-3-1b-it,arc_challenge,D,B,wrong,loglikelihood
LEAP__5_10312,google/gemma-3-1b-it,arc_challenge,B,B,correct,loglikelihood
Mercury_405161,google/gemma-3-1b-it,arc_challenge,C,D,wrong,loglikelihood
Mercury_SC_409245,google/gemma-3-1b-it,arc_challenge,D,D,correct,loglikelihood
ACTAAP_2011_5_8,google/gemma-3-1b-it,arc_challenge,C,C,correct,loglikelihood
Mercury_7223370,google/gemma-3-1b-it,arc_challenge,C,D,wrong,loglikelihood
Mercury_SC_400697,google/gemma-3-1b-it,arc_challenge,B,B,correct,loglikelihood
Mercury_SC_401262,google/gemma-3-1b-it,arc_challenge,C,D,wrong,loglikelihood
Mercury_7136063,google/gemma-3-1b-it,arc_challenge,A,B,wrong,loglikelihood
Mercury_405876,google/gemma-3-1b-it,arc_challenge,B,D,wrong,loglikelihood
Mercury_7057890,google/gemma-3-1b-it,arc_challenge,D,A,wrong,loglikelihood
LEAP_2002_4_10247,google/gemma-3-1b-it,arc_challenge,B,B,correct,loglikelihood
Mercury_SC_405481,google/gemma-3-1b-it,arc_challenge,C,C,correct,loglikelihood
Mercury_SC_400401,google/gemma-3-1b-it,arc_challenge,B,B,correct,loglikelihood
Mercury_7064260,google/gemma-3-1b-it,arc_challenge,D,B,wrong,loglikelihood
Mercury_7015995,google/gemma-3-1b-it,arc_challenge,B,B,correct,loglikelihood
Mercury_400887,google/gemma-3-1b-it,arc_challenge,C,B,wrong,loglikelihood
Mercury_7247678,google/gemma-3-1b-it,arc_challenge,A,A,correct,loglikelihood
MDSA_2007_8_24,google/gemma-3-1b-it,arc_challenge,A,C,wrong,loglikelihood
AKDE&ED_2008_8_48,google/gemma-3-1b-it,arc_challenge,A,A,correct,loglikelihood
Mercury_401014,google/gemma-3-1b-it,arc_challenge,C,C,correct,loglikelihood
Mercury_7106698,google/gemma-3-1b-it,arc_challenge,C,A,wrong,loglikelihood
Mercury_7143308,google/gemma-3-1b-it,arc_challenge,A,B,wrong,loglikelihood
MCAS_2005_9_21,google/gemma-3-1b-it,arc_challenge,A,B,wrong,loglikelihood
Mercury_400443,google/gemma-3-1b-it,arc_challenge,D,B,wrong,loglikelihood
Mercury_7283430,google/gemma-3-1b-it,arc_challenge,B,B,correct,loglikelihood
Mercury_7159250,google/gemma-3-1b-it,arc_challenge,C,C,correct,loglikelihood
Mercury_401912,google/gemma-3-1b-it,arc_challenge,D,A,wrong,loglikelihood
Mercury_7219328,google/gemma-3-1b-it,arc_challenge,A,B,wrong,loglikelihood
Mercury_7214498,google/gemma-3-1b-it,arc_challenge,A,C,wrong,loglikelihood
TAKS_2009_5_14,google/gemma-3-1b-it,arc_challenge,A,A,correct,loglikelihood
NYSEDREGENTS_2013_4_17,google/gemma-3-1b-it,arc_challenge,D,D,correct,loglikelihood
Mercury_403907,google/gemma-3-1b-it,arc_challenge,C,C,correct,loglikelihood
Mercury_7081480,google/gemma-3-1b-it,arc_challenge,A,A,correct,loglikelihood
Mercury_416505,google/gemma-3-1b-it,arc_challenge,D,B,wrong,loglikelihood
Mercury_7041668,google/gemma-3-1b-it,arc_challenge,A,D,wrong,loglikelihood
Mercury_SC_401309,google/gemma-3-1b-it,arc_challenge,C,C,correct,loglikelihood
NYSEDREGENTS_2010_4_1,google/gemma-3-1b-it,arc_challenge,B,B,correct,loglikelihood
ACTAAP_2007_7_36,google/gemma-3-1b-it,arc_challenge,C,C,correct,loglikelihood
VASoL_2009_3_12,google/gemma-3-1b-it,arc_challenge,C,D,wrong,loglikelihood
Mercury_7085295,google/gemma-3-1b-it,arc_challenge,B,C,wrong,loglikelihood
Mercury_7201968,google/gemma-3-1b-it,arc_challenge,B,A,wrong,loglikelihood
Mercury_7214008,google/gemma-3-1b-it,arc_challenge,B,C,wrong,loglikelihood
Mercury_176855,google/gemma-3-1b-it,arc_challenge,D,B,wrong,loglikelihood
Mercury_SC_401678,google/gemma-3-1b-it,arc_challenge,A,B,wrong,loglikelihood
Mercury_417143,google/gemma-3-1b-it,arc_challenge,B,D,wrong,loglikelihood
NYSEDREGENTS_2013_4_21,google/gemma-3-1b-it,arc_challenge,D,D,correct,loglikelihood
Mercury_7032620,google/gemma-3-1b-it,arc_challenge,C,B,wrong,loglikelihood
NYSEDREGENTS_2008_8_9,google/gemma-3-1b-it,arc_challenge,A,D,wrong,loglikelihood
TAKS_2009_8_27,google/gemma-3-1b-it,arc_challenge,C,C,correct,loglikelihood
NCEOGA_2013_8_57,google/gemma-3-1b-it,arc_challenge,A,C,wrong,loglikelihood
Mercury_SC_413143,google/gemma-3-1b-it,arc_challenge,D,C,wrong,loglikelihood
Mercury_401195,google/gemma-3-1b-it,arc_challenge,B,D,wrong,loglikelihood
CSZ10358,google/gemma-3-1b-it,arc_challenge,C,A,wrong,loglikelihood
MCAS_1999_4_26,google/gemma-3-1b-it,arc_challenge,D,C,wrong,loglikelihood
AKDE&ED_2008_8_36,google/gemma-3-1b-it,arc_challenge,C,A,wrong,loglikelihood
Mercury_7017938,google/gemma-3-1b-it,arc_challenge,A,B,wrong,loglikelihood
MDSA_2013_8_32,google/gemma-3-1b-it,arc_challenge,D,D,correct,loglikelihood
Mercury_7038028,google/gemma-3-1b-it,arc_challenge,C,C,correct,loglikelihood
Mercury_7057103,google/gemma-3-1b-it,arc_challenge,A,C,wrong,loglikelihood
NYSEDREGENTS_2008_4_26,google/gemma-3-1b-it,arc_challenge,D,C,wrong,loglikelihood
Mercury_417117,google/gemma-3-1b-it,arc_challenge,C,C,correct,loglikelihood
MCAS_2016_8_15,google/gemma-3-1b-it,arc_challenge,C,C,correct,loglikelihood
Mercury_400780,google/gemma-3-1b-it,arc_challenge,D,C,wrong,loglikelihood
NYSEDREGENTS_2008_8_32,google/gemma-3-1b-it,arc_challenge,A,A,correct,loglikelihood
Mercury_SC_416104,google/gemma-3-1b-it,arc_challenge,A,C,wrong,loglikelihood
Mercury_416646,google/gemma-3-1b-it,arc_challenge,D,B,wrong,loglikelihood
Mercury_SC_405296,google/gemma-3-1b-it,arc_challenge,C,C,correct,loglikelihood
MCAS_2006_8_31,google/gemma-3-1b-it,arc_challenge,A,D,wrong,loglikelihood
MCAS_2015_5_14,google/gemma-3-1b-it,arc_challenge,B,A,wrong,loglikelihood
Mercury_417465,google/gemma-3-1b-it,arc_challenge,A,C,wrong,loglikelihood
MCAS_1998_4_19,google/gemma-3-1b-it,arc_challenge,D,D,correct,loglikelihood
Mercury_7214778,google/gemma-3-1b-it,arc_challenge,A,D,wrong,loglikelihood
Mercury_7123393,google/gemma-3-1b-it,arc_challenge,C,D,wrong,loglikelihood
Mercury_7207550,google/gemma-3-1b-it,arc_challenge,A,D,wrong,loglikelihood
Mercury_SC_405827,google/gemma-3-1b-it,arc_challenge,C,B,wrong,loglikelihood
NYSEDREGENTS_2015_4_11,google/gemma-3-1b-it,arc_challenge,A,D,wrong,loglikelihood
Mercury_404097,google/gemma-3-1b-it,arc_challenge,C,C,correct,loglikelihood
AIMS_2009_4_4,google/gemma-3-1b-it,arc_challenge,C,C,correct,loglikelihood
NCEOGA_2013_8_18,google/gemma-3-1b-it,arc_challenge,B,A,wrong,loglikelihood
Mercury_400884,google/gemma-3-1b-it,arc_challenge,D,B,wrong,loglikelihood
Mercury_7219678,google/gemma-3-1b-it,arc_challenge,B,A,wrong,loglikelihood
ACTAAP_2010_5_7,google/gemma-3-1b-it,arc_challenge,B,B,correct,loglikelihood
ACTAAP_2012_7_9,google/gemma-3-1b-it,arc_challenge,D,C,wrong,loglikelihood
MCAS_2005_8_6,google/gemma-3-1b-it,arc_challenge,C,A,wrong,loglikelihood
Mercury_SC_401162,google/gemma-3-1b-it,arc_challenge,D,C,wrong,loglikelihood
Mercury_SC_407710,google/gemma-3-1b-it,arc_challenge,D,D,correct,loglikelihood
VASoL_2009_3_23,google/gemma-3-1b-it,arc_challenge,D,D,correct,loglikelihood
Mercury_SC_402276,google/gemma-3-1b-it,arc_challenge,D,D,correct,loglikelihood
Mercury_400744,google/gemma-3-1b-it,arc_challenge,D,A,wrong,loglikelihood
Mercury_SC_LBS10902,google/gemma-3-1b-it,arc_challenge,C,B,wrong,loglikelihood
Mercury_7133245,google/gemma-3-1b-it,arc_challenge,A,B,wrong,loglikelihood
Mercury_7131530,google/gemma-3-1b-it,arc_challenge,A,B,wrong,loglikelihood
Mercury_7041143,google/gemma-3-1b-it,arc_challenge,C,C,correct,loglikelihood
MCAS_2010_5_11984,google/gemma-3-1b-it,arc_challenge,C,A,wrong,loglikelihood
Mercury_7159285,google/gemma-3-1b-it,arc_challenge,D,C,wrong,loglikelihood
AIMS_2008_8_13,google/gemma-3-1b-it,arc_challenge,D,D,correct,loglikelihood
MDSA_2013_8_20,google/gemma-3-1b-it,arc_challenge,B,C,wrong,loglikelihood
Mercury_7114100,google/gemma-3-1b-it,arc_challenge,D,A,wrong,loglikelihood
Mercury_7213343,google/gemma-3-1b-it,arc_challenge,A,A,correct,loglikelihood
Mercury_SC_LBS10597,google/gemma-3-1b-it,arc_challenge,D,A,wrong,loglikelihood
Mercury_7126263,google/gemma-3-1b-it,arc_challenge,B,B,correct,loglikelihood
Mercury_7133613,google/gemma-3-1b-it,arc_challenge,C,A,wrong,loglikelihood
Mercury_7234605,google/gemma-3-1b-it,arc_challenge,C,D,wrong,loglikelihood
Mercury_SC_400839,google/gemma-3-1b-it,arc_challenge,B,B,correct,loglikelihood
Mercury_SC_402984,google/gemma-3-1b-it,arc_challenge,C,B,wrong,loglikelihood
NYSEDREGENTS_2012_4_29,google/gemma-3-1b-it,arc_challenge,B,C,wrong,loglikelihood
VASoL_2009_3_22,google/gemma-3-1b-it,arc_challenge,B,D,wrong,loglikelihood
Mercury_409349,google/gemma-3-1b-it,arc_challenge,D,A,wrong,loglikelihood
Mercury_SC_407417,google/gemma-3-1b-it,arc_challenge,A,D,wrong,loglikelihood
VASoL_2007_5_21,google/gemma-3-1b-it,arc_challenge,A,C,wrong,loglikelihood
MCAS_2012_8_23651,google/gemma-3-1b-it,arc_challenge,A,A,correct,loglikelihood
MCAS_2000_4_26,google/gemma-3-1b-it,arc_challenge,A,D,wrong,loglikelihood
Mercury_SC_410971,google/gemma-3-1b-it,arc_challenge,D,A,wrong,loglikelihood
Mercury_404841,google/gemma-3-1b-it,arc_challenge,A,D,wrong,loglikelihood
Mercury_416651,google/gemma-3-1b-it,arc_challenge,B,A,wrong,loglikelihood
Mercury_416576,google/gemma-3-1b-it,arc_challenge,B,B,correct,loglikelihood
MCAS_1998_8_24,google/gemma-3-1b-it,arc_challenge,D,D,correct,loglikelihood
Mercury_SC_408367,google/gemma-3-1b-it,arc_challenge,A,B,wrong,loglikelihood
Mercury_405804,google/gemma-3-1b-it,arc_challenge,C,D,wrong,loglikelihood
Mercury_7216318,google/gemma-3-1b-it,arc_challenge,D,A,wrong,loglikelihood
Mercury_401312,google/gemma-3-1b-it,arc_challenge,C,D,wrong,loglikelihood
MDSA_2013_8_23,google/gemma-3-1b-it,arc_challenge,D,D,correct,loglikelihood
Mercury_SC_405880,google/gemma-3-1b-it,arc_challenge,D,A,wrong,loglikelihood
ACTAAP_2009_5_12,google/gemma-3-1b-it,arc_challenge,B,B,correct,loglikelihood
CSZ20754,google/gemma-3-1b-it,arc_challenge,D,B,wrong,loglikelihood
Mercury_184363,google/gemma-3-1b-it,arc_challenge,B,D,wrong,loglikelihood
Mercury_7188195,google/gemma-3-1b-it,arc_challenge,D,C,wrong,loglikelihood
Mercury_7221043,google/gemma-3-1b-it,arc_challenge,B,D,wrong,loglikelihood
Mercury_7107328,google/gemma-3-1b-it,arc_challenge,B,B,correct,loglikelihood
Mercury_415084,google/gemma-3-1b-it,arc_challenge,D,C,wrong,loglikelihood
Mercury_415082,google/gemma-3-1b-it,arc_challenge,D,A,wrong,loglikelihood
Mercury_SC_416169,google/gemma-3-1b-it,arc_challenge,B,A,wrong,loglikelihood
MEA_2011_8_13,google/gemma-3-1b-it,arc_challenge,A,A,correct,loglikelihood
TIMSS_2003_4_pg82,google/gemma-3-1b-it,arc_challenge,B,A,wrong,loglikelihood
CSZ30338,google/gemma-3-1b-it,arc_challenge,C,C,correct,loglikelihood
TIMSS_2003_8_pg85,google/gemma-3-1b-it,arc_challenge,A,B,wrong,loglikelihood
Mercury_7221988,google/gemma-3-1b-it,arc_challenge,D,C,wrong,loglikelihood
NCEOGA_2013_5_11,google/gemma-3-1b-it,arc_challenge,D,D,correct,loglikelihood
MCAS_2013_8_29416,google/gemma-3-1b-it,arc_challenge,B,B,correct,loglikelihood
Mercury_SC_401142,google/gemma-3-1b-it,arc_challenge,C,B,wrong,loglikelihood
Mercury_7206395,google/gemma-3-1b-it,arc_challenge,C,C,correct,loglikelihood
Mercury_179025,google/gemma-3-1b-it,arc_challenge,D,B,wrong,loglikelihood
Mercury_7130620,google/gemma-3-1b-it,arc_challenge,A,B,wrong,loglikelihood
Mercury_177870,google/gemma-3-1b-it,arc_challenge,D,C,wrong,loglikelihood
Mercury_7282083,google/gemma-3-1b-it,arc_challenge,C,B,wrong,loglikelihood
Mercury_SC_400233,google/gemma-3-1b-it,arc_challenge,C,C,correct,loglikelihood
Mercury_7082443,google/gemma-3-1b-it,arc_challenge,D,B,wrong,loglikelihood
NCEOGA_2013_8_15,google/gemma-3-1b-it,arc_challenge,A,B,wrong,loglikelihood
Mercury_7210140,google/gemma-3-1b-it,arc_challenge,C,A,wrong,loglikelihood
Mercury_7106593,google/gemma-3-1b-it,arc_challenge,D,D,correct,loglikelihood
Mercury_416536,google/gemma-3-1b-it,arc_challenge,B,B,correct,loglikelihood
Mercury_410026,google/gemma-3-1b-it,arc_challenge,D,D,correct,loglikelihood
ACTAAP_2011_5_1,google/gemma-3-1b-it,arc_challenge,C,B,wrong,loglikelihood
Mercury_417138,google/gemma-3-1b-it,arc_challenge,C,B,wrong,loglikelihood
Mercury_7138915,google/gemma-3-1b-it,arc_challenge,D,D,correct,loglikelihood
NYSEDREGENTS_2008_4_11,google/gemma-3-1b-it,arc_challenge,A,C,wrong,loglikelihood
Mercury_404435,google/gemma-3-1b-it,arc_challenge,B,D,wrong,loglikelihood
MDSA_2009_5_25,google/gemma-3-1b-it,arc_challenge,C,B,wrong,loglikelihood
OHAT_2007_8_12,google/gemma-3-1b-it,arc_challenge,D,C,wrong,loglikelihood
Mercury_LBS10302,google/gemma-3-1b-it,arc_challenge,D,C,wrong,loglikelihood
Mercury_7027248,google/gemma-3-1b-it,arc_challenge,D,B,wrong,loglikelihood
Mercury_SC_401360,google/gemma-3-1b-it,arc_challenge,A,A,correct,loglikelihood
ACTAAP_2013_5_17,google/gemma-3-1b-it,arc_challenge,D,A,wrong,loglikelihood
Mercury_407125,google/gemma-3-1b-it,arc_challenge,A,C,wrong,loglikelihood
Mercury_404820,google/gemma-3-1b-it,arc_challenge,D,D,correct,loglikelihood
Mercury_SC_416168,google/gemma-3-1b-it,arc_challenge,C,B,wrong,loglikelihood
TIMSS_1995_8_K18,google/gemma-3-1b-it,arc_challenge,D,A,wrong,loglikelihood
Mercury_SC_405130,google/gemma-3-1b-it,arc_challenge,D,A,wrong,loglikelihood
Mercury_SC_408631,google/gemma-3-1b-it,arc_challenge,C,C,correct,loglikelihood
Mercury_SC_408763,google/gemma-3-1b-it,arc_challenge,C,C,correct,loglikelihood
MCAS_8_2015_18,google/gemma-3-1b-it,arc_challenge,C,A,wrong,loglikelihood
Mercury_411729,google/gemma-3-1b-it,arc_challenge,B,B,correct,loglikelihood
MDSA_2012_8_6,google/gemma-3-1b-it,arc_challenge,B,C,wrong,loglikelihood
MCAS_1999_8_5,google/gemma-3-1b-it,arc_challenge,B,B,correct,loglikelihood
WASL_2004_8_17,google/gemma-3-1b-it,arc_challenge,C,D,wrong,loglikelihood
Mercury_414365,google/gemma-3-1b-it,arc_challenge,C,C,correct,loglikelihood
Mercury_SC_415406,google/gemma-3-1b-it,arc_challenge,A,B,wrong,loglikelihood
MCAS_2000_8_29,google/gemma-3-1b-it,arc_challenge,B,B,correct,loglikelihood
Mercury_416230,google/gemma-3-1b-it,arc_challenge,C,C,correct,loglikelihood
Mercury_7001295,google/gemma-3-1b-it,arc_challenge,D,C,wrong,loglikelihood
MSA_2012_5_2,google/gemma-3-1b-it,arc_challenge,A,A,correct,loglikelihood
MCAS_2005_8_7,google/gemma-3-1b-it,arc_challenge,C,C,correct,loglikelihood
Mercury_7206553,google/gemma-3-1b-it,arc_challenge,C,D,wrong,loglikelihood
VASoL_2010_3_39,google/gemma-3-1b-it,arc_challenge,A,A,correct,loglikelihood
Mercury_416380,google/gemma-3-1b-it,arc_challenge,C,A,wrong,loglikelihood
OHAT_2008_5_34,google/gemma-3-1b-it,arc_challenge,C,C,correct,loglikelihood
Mercury_7268328,google/gemma-3-1b-it,arc_challenge,C,C,correct,loglikelihood
NYSEDREGENTS_2008_8_36,google/gemma-3-1b-it,arc_challenge,C,C,correct,loglikelihood
Mercury_SC_414156,google/gemma-3-1b-it,arc_challenge,B,C,wrong,loglikelihood
Mercury_7094133,google/gemma-3-1b-it,arc_challenge,D,D,correct,loglikelihood
MEA_2013_5_15,google/gemma-3-1b-it,arc_challenge,D,C,wrong,loglikelihood
OHAT_2010_8_35,google/gemma-3-1b-it,arc_challenge,A,A,correct,loglikelihood
Mercury_SC_416174,google/gemma-3-1b-it,arc_challenge,A,C,wrong,loglikelihood
TIMSS_1995_8_J6,google/gemma-3-1b-it,arc_challenge,C,B,wrong,loglikelihood
Mercury_SC_401587,google/gemma-3-1b-it,arc_challenge,D,A,wrong,loglikelihood
MDSA_2011_5_23,google/gemma-3-1b-it,arc_challenge,D,D,correct,loglikelihood
AIMS_2008_8_11,google/gemma-3-1b-it,arc_challenge,C,C,correct,loglikelihood
Mercury_7159215,google/gemma-3-1b-it,arc_challenge,A,D,wrong,loglikelihood
MCAS_2006_9_30,google/gemma-3-1b-it,arc_challenge,B,B,correct,loglikelihood
MCAS_1999_4_27,google/gemma-3-1b-it,arc_challenge,A,A,correct,loglikelihood
Mercury_7016538,google/gemma-3-1b-it,arc_challenge,C,C,correct,loglikelihood
Mercury_SC_409266,google/gemma-3-1b-it,arc_challenge,A,A,correct,loglikelihood
OHAT_2007_5_15,google/gemma-3-1b-it,arc_challenge,C,B,wrong,loglikelihood
Mercury_7230073,google/gemma-3-1b-it,arc_challenge,B,B,correct,loglikelihood
Mercury_7245840,google/gemma-3-1b-it,arc_challenge,C,B,wrong,loglikelihood
Mercury_SC_401788,google/gemma-3-1b-it,arc_challenge,B,B,correct,loglikelihood
ACTAAP_2014_7_5,google/gemma-3-1b-it,arc_challenge,D,D,correct,loglikelihood
MCAS_2004_5_11,google/gemma-3-1b-it,arc_challenge,D,D,correct,loglikelihood
NCEOGA_2013_8_7,google/gemma-3-1b-it,arc_challenge,B,A,wrong,loglikelihood
LEAP__7_10339,google/gemma-3-1b-it,arc_challenge,B,A,wrong,loglikelihood
Mercury_7018270,google/gemma-3-1b-it,arc_challenge,D,C,wrong,loglikelihood
Mercury_7034808,google/gemma-3-1b-it,arc_challenge,C,A,wrong,loglikelihood
Mercury_7216300,google/gemma-3-1b-it,arc_challenge,D,C,wrong,loglikelihood
Mercury_SC_400985,google/gemma-3-1b-it,arc_challenge,D,C,wrong,loglikelihood
Mercury_7188528,google/gemma-3-1b-it,arc_challenge,A,A,correct,loglikelihood
TIMSS_1995_8_R2,google/gemma-3-1b-it,arc_challenge,B,B,correct,loglikelihood
Mercury_SC_400032,google/gemma-3-1b-it,arc_challenge,C,C,correct,loglikelihood
Mercury_7252245,google/gemma-3-1b-it,arc_challenge,C,D,wrong,loglikelihood
MCAS_2002_8_17,google/gemma-3-1b-it,arc_challenge,D,D,correct,loglikelihood
MDSA_2007_8_30,google/gemma-3-1b-it,arc_challenge,C,C,correct,loglikelihood
NCEOGA_2013_5_35,google/gemma-3-1b-it,arc_challenge,D,D,correct,loglikelihood
Mercury_7082758,google/gemma-3-1b-it,arc_challenge,B,B,correct,loglikelihood
Mercury_7094308,google/gemma-3-1b-it,arc_challenge,D,C,wrong,loglikelihood
Mercury_7136028,google/gemma-3-1b-it,arc_challenge,C,A,wrong,loglikelihood
Mercury_7159075,google/gemma-3-1b-it,arc_challenge,C,B,wrong,loglikelihood
MCAS_2015_5_19,google/gemma-3-1b-it,arc_challenge,A,B,wrong,loglikelihood
MSA_2012_5_12,google/gemma-3-1b-it,arc_challenge,C,A,wrong,loglikelihood
MCAS_2014_5_13,google/gemma-3-1b-it,arc_challenge,D,D,correct,loglikelihood
Mercury_SC_400392,google/gemma-3-1b-it,arc_challenge,B,C,wrong,loglikelihood
Mercury_7159320,google/gemma-3-1b-it,arc_challenge,A,A,correct,loglikelihood
Mercury_7218365,google/gemma-3-1b-it,arc_challenge,D,B,wrong,loglikelihood
MCAS_2004_9_10-v1,google/gemma-3-1b-it,arc_challenge,D,C,wrong,loglikelihood
AIMS_2009_4_12,google/gemma-3-1b-it,arc_challenge,D,D,correct,loglikelihood
Mercury_SC_414274,google/gemma-3-1b-it,arc_challenge,D,B,wrong,loglikelihood
MCAS_2005_9_6,google/gemma-3-1b-it,arc_challenge,C,C,correct,loglikelihood
MCAS_1998_4_23,google/gemma-3-1b-it,arc_challenge,B,A,wrong,loglikelihood
Mercury_7075023,google/gemma-3-1b-it,arc_challenge,C,D,wrong,loglikelihood
Mercury_SC_400182,google/gemma-3-1b-it,arc_challenge,A,B,wrong,loglikelihood
Mercury_SC_400133,google/gemma-3-1b-it,arc_challenge,A,B,wrong,loglikelihood
MSA_2013_5_11,google/gemma-3-1b-it,arc_challenge,C,D,wrong,loglikelihood
Mercury_SC_408706,google/gemma-3-1b-it,arc_challenge,D,B,wrong,loglikelihood
Mercury_7213325,google/gemma-3-1b-it,arc_challenge,A,D,wrong,loglikelihood
Mercury_SC_LBS10932,google/gemma-3-1b-it,arc_challenge,C,B,wrong,loglikelihood
Mercury_192220,google/gemma-3-1b-it,arc_challenge,B,D,wrong,loglikelihood
Mercury_SC_407247,google/gemma-3-1b-it,arc_challenge,B,C,wrong,loglikelihood
Mercury_7024798,google/gemma-3-1b-it,arc_challenge,D,D,correct,loglikelihood
Mercury_7180810,google/gemma-3-1b-it,arc_challenge,B,C,wrong,loglikelihood
Mercury_412780,google/gemma-3-1b-it,arc_challenge,A,B,wrong,loglikelihood
LEAP_2011_8_10434,google/gemma-3-1b-it,arc_challenge,D,B,wrong,loglikelihood
Mercury_7200340,google/gemma-3-1b-it,arc_challenge,C,D,wrong,loglikelihood
Mercury_7056525,google/gemma-3-1b-it,arc_challenge,D,C,wrong,loglikelihood
Mercury_7085278,google/gemma-3-1b-it,arc_challenge,C,D,wrong,loglikelihood
AKDE&ED_2008_4_35,google/gemma-3-1b-it,arc_challenge,D,D,correct,loglikelihood
MCAS_1999_8_16,google/gemma-3-1b-it,arc_challenge,B,D,wrong,loglikelihood
Mercury_SC_400063,google/gemma-3-1b-it,arc_challenge,A,D,wrong,loglikelihood
Mercury_SC_401666,google/gemma-3-1b-it,arc_challenge,B,D,wrong,loglikelihood
TIMSS_2011_8_pg31,google/gemma-3-1b-it,arc_challenge,D,C,wrong,loglikelihood
Mercury_412673,google/gemma-3-1b-it,arc_challenge,C,B,wrong,loglikelihood
Mercury_7130655,google/gemma-3-1b-it,arc_challenge,B,D,wrong,loglikelihood
MCAS_2004_5_7,google/gemma-3-1b-it,arc_challenge,B,B,correct,loglikelihood
Mercury_7187373,google/gemma-3-1b-it,arc_challenge,A,D,wrong,loglikelihood
Mercury_SC_401361,google/gemma-3-1b-it,arc_challenge,B,C,wrong,loglikelihood
MCAS_2006_8_12,google/gemma-3-1b-it,arc_challenge,B,D,wrong,loglikelihood
Mercury_7233765,google/gemma-3-1b-it,arc_challenge,C,B,wrong,loglikelihood
Mercury_SC_407613,google/gemma-3-1b-it,arc_challenge,A,C,wrong,loglikelihood
MCAS_2005_5_24,google/gemma-3-1b-it,arc_challenge,A,A,correct,loglikelihood
Mercury_405778,google/gemma-3-1b-it,arc_challenge,C,C,correct,loglikelihood
Mercury_7263060,google/gemma-3-1b-it,arc_challenge,A,D,wrong,loglikelihood
Mercury_SC_401668,google/gemma-3-1b-it,arc_challenge,D,D,correct,loglikelihood
Mercury_7230388,google/gemma-3-1b-it,arc_challenge,D,D,correct,loglikelihood
Mercury_7041650,google/gemma-3-1b-it,arc_challenge,D,D,correct,loglikelihood
Mercury_SC_409009,google/gemma-3-1b-it,arc_challenge,D,A,wrong,loglikelihood
Mercury_7223143,google/gemma-3-1b-it,arc_challenge,C,D,wrong,loglikelihood
ACTAAP_2007_7_3,google/gemma-3-1b-it,arc_challenge,A,D,wrong,loglikelihood
Mercury_7215670,google/gemma-3-1b-it,arc_challenge,D,C,wrong,loglikelihood
MEA_2010_8_15,google/gemma-3-1b-it,arc_challenge,B,A,wrong,loglikelihood
Mercury_7270515,google/gemma-3-1b-it,arc_challenge,C,B,wrong,loglikelihood
Mercury_7006160,google/gemma-3-1b-it,arc_challenge,C,C,correct,loglikelihood
Mercury_SC_410630,google/gemma-3-1b-it,arc_challenge,A,C,wrong,loglikelihood
Mercury_7082320,google/gemma-3-1b-it,arc_challenge,B,A,wrong,loglikelihood
MEA_2013_8_1,google/gemma-3-1b-it,arc_challenge,B,A,wrong,loglikelihood
Mercury_7033845,google/gemma-3-1b-it,arc_challenge,B,B,correct,loglikelihood
Mercury_7221620,google/gemma-3-1b-it,arc_challenge,A,A,correct,loglikelihood
LEAP__7_10352,google/gemma-3-1b-it,arc_challenge,C,D,wrong,loglikelihood
Mercury_412605,google/gemma-3-1b-it,arc_challenge,C,C,correct,loglikelihood
Mercury_416638,google/gemma-3-1b-it,arc_challenge,B,A,wrong,loglikelihood
MCAS_2011_8_17694,google/gemma-3-1b-it,arc_challenge,D,A,wrong,loglikelihood
Mercury_SC_400012,google/gemma-3-1b-it,arc_challenge,D,D,correct,loglikelihood
Mercury_SC_413458,google/gemma-3-1b-it,arc_challenge,D,B,wrong,loglikelihood
Mercury_7139545,google/gemma-3-1b-it,arc_challenge,A,C,wrong,loglikelihood
NYSEDREGENTS_2015_4_5,google/gemma-3-1b-it,arc_challenge,B,B,correct,loglikelihood
TIMSS_2003_8_pg16,google/gemma-3-1b-it,arc_challenge,C,C,correct,loglikelihood
Mercury_SC_415073,google/gemma-3-1b-it,arc_challenge,A,A,correct,loglikelihood
Mercury_7012880,google/gemma-3-1b-it,arc_challenge,C,A,wrong,loglikelihood
Mercury_191625,google/gemma-3-1b-it,arc_challenge,B,D,wrong,loglikelihood
Mercury_SC_402985,google/gemma-3-1b-it,arc_challenge,B,B,correct,loglikelihood
Mercury_7005425,google/gemma-3-1b-it,arc_challenge,C,A,wrong,loglikelihood
MDSA_2013_8_40,google/gemma-3-1b-it,arc_challenge,A,C,wrong,loglikelihood
Mercury_401684,google/gemma-3-1b-it,arc_challenge,C,B,wrong,loglikelihood
NCEOGA_2013_5_17,google/gemma-3-1b-it,arc_challenge,B,B,correct,loglikelihood
Mercury_7116183,google/gemma-3-1b-it,arc_challenge,B,B,correct,loglikelihood
Mercury_7106628,google/gemma-3-1b-it,arc_challenge,D,D,correct,loglikelihood
Mercury_7203473,google/gemma-3-1b-it,arc_challenge,D,D,correct,loglikelihood
Mercury_SC_416108,google/gemma-3-1b-it,arc_challenge,A,C,wrong,loglikelihood
LEAP_2007_8_10418,google/gemma-3-1b-it,arc_challenge,A,C,wrong,loglikelihood
Mercury_7111178,google/gemma-3-1b-it,arc_challenge,B,C,wrong,loglikelihood
Mercury_7203560,google/gemma-3-1b-it,arc_challenge,C,A,wrong,loglikelihood
ACTAAP_2013_7_2,google/gemma-3-1b-it,arc_challenge,A,A,correct,loglikelihood
MCAS_2012_8_23640,google/gemma-3-1b-it,arc_challenge,B,D,wrong,loglikelihood
Mercury_404272,google/gemma-3-1b-it,arc_challenge,A,B,wrong,loglikelihood
MCAS_2009_8_17,google/gemma-3-1b-it,arc_challenge,D,B,wrong,loglikelihood
AIMS_2008_4_5,google/gemma-3-1b-it,arc_challenge,D,C,wrong,loglikelihood
Mercury_7236513,google/gemma-3-1b-it,arc_challenge,B,D,wrong,loglikelihood
Mercury_SC_LBS10027,google/gemma-3-1b-it,arc_challenge,B,B,correct,loglikelihood
Mercury_189053,google/gemma-3-1b-it,arc_challenge,D,D,correct,loglikelihood
Mercury_SC_414271,google/gemma-3-1b-it,arc_challenge,C,C,correct,loglikelihood
Mercury_408922,google/gemma-3-1b-it,arc_challenge,D,C,wrong,loglikelihood
Mercury_7264093,google/gemma-3-1b-it,arc_challenge,D,C,wrong,loglikelihood
Mercury_SC_LBS11009,google/gemma-3-1b-it,arc_challenge,A,C,wrong,loglikelihood
Mercury_7191433,google/gemma-3-1b-it,arc_challenge,C,C,correct,loglikelihood
MEAP_2005_5_14,google/gemma-3-1b-it,arc_challenge,D,D,correct,loglikelihood
Mercury_416683,google/gemma-3-1b-it,arc_challenge,C,C,correct,loglikelihood
Mercury_7040775,google/gemma-3-1b-it,arc_challenge,B,B,correct,loglikelihood
Mercury_7222600,google/gemma-3-1b-it,arc_challenge,D,C,wrong,loglikelihood
MCAS_2001_5_3,google/gemma-3-1b-it,arc_challenge,B,D,wrong,loglikelihood
MCAS_2004_8_7,google/gemma-3-1b-it,arc_challenge,C,D,wrong,loglikelihood
Mercury_415268,google/gemma-3-1b-it,arc_challenge,D,D,correct,loglikelihood
Mercury_7017710,google/gemma-3-1b-it,arc_challenge,C,C,correct,loglikelihood
Mercury_7210123,google/gemma-3-1b-it,arc_challenge,B,A,wrong,loglikelihood
MCAS_2009_5_6519,google/gemma-3-1b-it,arc_challenge,C,C,correct,loglikelihood
Mercury_401502,google/gemma-3-1b-it,arc_challenge,C,D,wrong,loglikelihood
Mercury_7109498,google/gemma-3-1b-it,arc_challenge,D,B,wrong,loglikelihood
VASoL_2008_5_10,google/gemma-3-1b-it,arc_challenge,B,A,wrong,loglikelihood
MCAS_2006_9_4,google/gemma-3-1b-it,arc_challenge,C,A,wrong,loglikelihood
Mercury_402341,google/gemma-3-1b-it,arc_challenge,D,D,correct,loglikelihood
MCAS_2006_9_34,google/gemma-3-1b-it,arc_challenge,A,D,wrong,loglikelihood
Mercury_7267715,google/gemma-3-1b-it,arc_challenge,D,C,wrong,loglikelihood
Mercury_SC_413089,google/gemma-3-1b-it,arc_challenge,B,D,wrong,loglikelihood
Mercury_SC_401656,google/gemma-3-1b-it,arc_challenge,C,A,wrong,loglikelihood
Mercury_407019,google/gemma-3-1b-it,arc_challenge,D,D,correct,loglikelihood
Mercury_417128,google/gemma-3-1b-it,arc_challenge,C,B,wrong,loglikelihood
Mercury_7081305,google/gemma-3-1b-it,arc_challenge,D,D,correct,loglikelihood
NYSEDREGENTS_2015_8_3,google/gemma-3-1b-it,arc_challenge,B,B,correct,loglikelihood
MEA_2016_8_15,google/gemma-3-1b-it,arc_challenge,D,A,wrong,loglikelihood
ACTAAP_2015_7_9,google/gemma-3-1b-it,arc_challenge,A,D,wrong,loglikelihood
Mercury_7216423,google/gemma-3-1b-it,arc_challenge,D,B,wrong,loglikelihood
Mercury_416633,google/gemma-3-1b-it,arc_challenge,B,A,wrong,loglikelihood
Mercury_7038518,google/gemma-3-1b-it,arc_challenge,D,D,correct,loglikelihood
Mercury_7085225,google/gemma-3-1b-it,arc_challenge,D,B,wrong,loglikelihood
LEAP__4_10225,google/gemma-3-1b-it,arc_challenge,B,B,correct,loglikelihood
Mercury_SC_401661,google/gemma-3-1b-it,arc_challenge,B,D,wrong,loglikelihood
TIMSS_1995_8_Q15,google/gemma-3-1b-it,arc_challenge,A,A,correct,loglikelihood
MCAS_1999_4_23,google/gemma-3-1b-it,arc_challenge,A,A,correct,loglikelihood
TIMSS_1995_8_J7,google/gemma-3-1b-it,arc_challenge,E,D,wrong,loglikelihood
Mercury_SC_LBS10018,google/gemma-3-1b-it,arc_challenge,D,A,wrong,loglikelihood
Mercury_SC_406855,google/gemma-3-1b-it,arc_challenge,D,D,correct,loglikelihood
Mercury_SC_415457,google/gemma-3-1b-it,arc_challenge,A,D,wrong,loglikelihood
NYSEDREGENTS_2015_4_25,google/gemma-3-1b-it,arc_challenge,C,C,correct,loglikelihood
Mercury_7058135,google/gemma-3-1b-it,arc_challenge,A,B,wrong,loglikelihood
MDSA_2008_4_19,google/gemma-3-1b-it,arc_challenge,C,B,wrong,loglikelihood
AKDE&ED_2008_8_45,google/gemma-3-1b-it,arc_challenge,D,D,correct,loglikelihood
Mercury_7131758,google/gemma-3-1b-it,arc_challenge,A,A,correct,loglikelihood
NYSEDREGENTS_2013_8_10,google/gemma-3-1b-it,arc_challenge,B,B,correct,loglikelihood
Mercury_SC_401783,google/gemma-3-1b-it,arc_challenge,D,D,correct,loglikelihood
Mercury_7190120,google/gemma-3-1b-it,arc_challenge,C,B,wrong,loglikelihood
Mercury_409317,google/gemma-3-1b-it,arc_challenge,C,B,wrong,loglikelihood
Mercury_7268240,google/gemma-3-1b-it,arc_challenge,D,D,correct,loglikelihood
Mercury_7228358,google/gemma-3-1b-it,arc_challenge,B,D,wrong,loglikelihood
MCAS_2004_5_33,google/gemma-3-1b-it,arc_challenge,D,C,wrong,loglikelihood
Mercury_7008855,google/gemma-3-1b-it,arc_challenge,D,B,wrong,loglikelihood
Mercury_7057085,google/gemma-3-1b-it,arc_challenge,C,B,wrong,loglikelihood
Mercury_7171728,google/gemma-3-1b-it,arc_challenge,D,B,wrong,loglikelihood
NAEP_2005_4_S14+3,google/gemma-3-1b-it,arc_challenge,A,C,wrong,loglikelihood
Mercury_7024395,google/gemma-3-1b-it,arc_challenge,D,A,wrong,loglikelihood
NYSEDREGENTS_2012_8_28,google/gemma-3-1b-it,arc_challenge,A,C,wrong,loglikelihood
Mercury_7090790,google/gemma-3-1b-it,arc_challenge,B,A,wrong,loglikelihood
TIMSS_2003_8_pg87,google/gemma-3-1b-it,arc_challenge,D,B,wrong,loglikelihood
Mercury_SC_407382,google/gemma-3-1b-it,arc_challenge,B,C,wrong,loglikelihood
MDSA_2010_4_20,google/gemma-3-1b-it,arc_challenge,C,B,wrong,loglikelihood
Mercury_SC_405019,google/gemma-3-1b-it,arc_challenge,D,D,correct,loglikelihood
Mercury_7123078,google/gemma-3-1b-it,arc_challenge,D,D,correct,loglikelihood
Mercury_400084,google/gemma-3-1b-it,arc_challenge,A,D,wrong,loglikelihood
Mercury_7139650,google/gemma-3-1b-it,arc_challenge,B,C,wrong,loglikelihood
Mercury_417150,google/gemma-3-1b-it,arc_challenge,B,B,correct,loglikelihood
Mercury_SC_402256,google/gemma-3-1b-it,arc_challenge,A,C,wrong,loglikelihood
TIMSS_2007_8_pg53,google/gemma-3-1b-it,arc_challenge,A,A,correct,loglikelihood
MCAS_2006_9_17-v1,google/gemma-3-1b-it,arc_challenge,C,D,wrong,loglikelihood
Mercury_401728,google/gemma-3-1b-it,arc_challenge,D,D,correct,loglikelihood
Mercury_7192798,google/gemma-3-1b-it,arc_challenge,D,C,wrong,loglikelihood
Mercury_7221078,google/gemma-3-1b-it,arc_challenge,C,C,correct,loglikelihood
Mercury_7004953,google/gemma-3-1b-it,arc_challenge,B,B,correct,loglikelihood
TIMSS_2003_8_pg94,google/gemma-3-1b-it,arc_challenge,C,D,wrong,loglikelihood
Mercury_7095060,google/gemma-3-1b-it,arc_challenge,B,A,wrong,loglikelihood
Mercury_7123358,google/gemma-3-1b-it,arc_challenge,A,A,correct,loglikelihood
Mercury_7069020,google/gemma-3-1b-it,arc_challenge,D,A,wrong,loglikelihood
TIMSS_2003_8_pg117,google/gemma-3-1b-it,arc_challenge,A,B,wrong,loglikelihood
VASoL_2008_3_32,google/gemma-3-1b-it,arc_challenge,B,B,correct,loglikelihood
Mercury_SC_400142,google/gemma-3-1b-it,arc_challenge,B,A,wrong,loglikelihood
Mercury_7163818,google/gemma-3-1b-it,arc_challenge,D,D,correct,loglikelihood
Mercury_402502,google/gemma-3-1b-it,arc_challenge,D,D,correct,loglikelihood
Mercury_7130778,google/gemma-3-1b-it,arc_challenge,D,C,wrong,loglikelihood
MEA_2010_8_18,google/gemma-3-1b-it,arc_challenge,D,C,wrong,loglikelihood
Mercury_7211033,google/gemma-3-1b-it,arc_challenge,A,B,wrong,loglikelihood
NYSEDREGENTS_2008_8_17,google/gemma-3-1b-it,arc_challenge,C,A,wrong,loglikelihood
NAEP_2005_8_S11+1,google/gemma-3-1b-it,arc_challenge,D,C,wrong,loglikelihood
Mercury_412774,google/gemma-3-1b-it,arc_challenge,B,C,wrong,loglikelihood
MEA_2013_5_12,google/gemma-3-1b-it,arc_challenge,C,C,correct,loglikelihood
Mercury_7098473,google/gemma-3-1b-it,arc_challenge,C,B,wrong,loglikelihood
Mercury_417593,google/gemma-3-1b-it,arc_challenge,A,A,correct,loglikelihood
Mercury_7081743,google/gemma-3-1b-it,arc_challenge,B,B,correct,loglikelihood
Mercury_7018410,google/gemma-3-1b-it,arc_challenge,C,C,correct,loglikelihood
Mercury_402563,google/gemma-3-1b-it,arc_challenge,A,B,wrong,loglikelihood
Mercury_416407,google/gemma-3-1b-it,arc_challenge,D,C,wrong,loglikelihood
Mercury_SC_400400,google/gemma-3-1b-it,arc_challenge,A,A,correct,loglikelihood
MCAS_2000_8_22,google/gemma-3-1b-it,arc_challenge,D,D,correct,loglikelihood
MCAS_8_2014_8,google/gemma-3-1b-it,arc_challenge,A,A,correct,loglikelihood
Mercury_7206430,google/gemma-3-1b-it,arc_challenge,C,A,wrong,loglikelihood
Mercury_7185343,google/gemma-3-1b-it,arc_challenge,D,D,correct,loglikelihood
OHAT_2010_8_8,google/gemma-3-1b-it,arc_challenge,D,B,wrong,loglikelihood
Mercury_405462,google/gemma-3-1b-it,arc_challenge,D,B,wrong,loglikelihood
Mercury_SC_LBS10337,google/gemma-3-1b-it,arc_challenge,A,A,correct,loglikelihood
Mercury_7142520,google/gemma-3-1b-it,arc_challenge,A,C,wrong,loglikelihood
Mercury_SC_405501,google/gemma-3-1b-it,arc_challenge,D,D,correct,loglikelihood
Mercury_7009555,google/gemma-3-1b-it,arc_challenge,D,C,wrong,loglikelihood
Mercury_409085,google/gemma-3-1b-it,arc_challenge,A,A,correct,loglikelihood
NYSEDREGENTS_2012_4_2,google/gemma-3-1b-it,arc_challenge,D,A,wrong,loglikelihood
Mercury_407539,google/gemma-3-1b-it,arc_challenge,D,D,correct,loglikelihood
ACTAAP_2013_7_16,google/gemma-3-1b-it,arc_challenge,D,D,correct,loglikelihood
AKDE&ED_2008_8_34,google/gemma-3-1b-it,arc_challenge,C,D,wrong,loglikelihood
MCAS_2004_8_3,google/gemma-3-1b-it,arc_challenge,C,A,wrong,loglikelihood
Mercury_415272,google/gemma-3-1b-it,arc_challenge,D,B,wrong,loglikelihood
Mercury_405387,google/gemma-3-1b-it,arc_challenge,A,B,wrong,loglikelihood
Mercury_7116323,google/gemma-3-1b-it,arc_challenge,D,D,correct,loglikelihood
Mercury_7213430,google/gemma-3-1b-it,arc_challenge,B,B,correct,loglikelihood
Mercury_7234360,google/gemma-3-1b-it,arc_challenge,C,A,wrong,loglikelihood
Mercury_405685,google/gemma-3-1b-it,arc_challenge,B,D,wrong,loglikelihood
Mercury_7236740,google/gemma-3-1b-it,arc_challenge,D,B,wrong,loglikelihood
Mercury_7116235,google/gemma-3-1b-it,arc_challenge,A,A,correct,loglikelihood
Mercury_SC_405357,google/gemma-3-1b-it,arc_challenge,B,C,wrong,loglikelihood
Mercury_7042945,google/gemma-3-1b-it,arc_challenge,A,B,wrong,loglikelihood
Mercury_7106750,google/gemma-3-1b-it,arc_challenge,D,D,correct,loglikelihood
MDSA_2009_4_34,google/gemma-3-1b-it,arc_challenge,A,B,wrong,loglikelihood
Mercury_7016310,google/gemma-3-1b-it,arc_challenge,B,C,wrong,loglikelihood
VASoL_2007_3_1,google/gemma-3-1b-it,arc_challenge,C,A,wrong,loglikelihood
Mercury_7030468,google/gemma-3-1b-it,arc_challenge,C,A,wrong,loglikelihood
Mercury_SC_402616,google/gemma-3-1b-it,arc_challenge,A,D,wrong,loglikelihood
Mercury_405464,google/gemma-3-1b-it,arc_challenge,D,A,wrong,loglikelihood
Mercury_7205608,google/gemma-3-1b-it,arc_challenge,D,B,wrong,loglikelihood
Mercury_7015208,google/gemma-3-1b-it,arc_challenge,C,B,wrong,loglikelihood
Mercury_SC_409666,google/gemma-3-1b-it,arc_challenge,B,D,wrong,loglikelihood
Mercury_7230353,google/gemma-3-1b-it,arc_challenge,C,B,wrong,loglikelihood
Mercury_7150343,google/gemma-3-1b-it,arc_challenge,D,B,wrong,loglikelihood
Mercury_7026723,google/gemma-3-1b-it,arc_challenge,C,D,wrong,loglikelihood
Mercury_7024273,google/gemma-3-1b-it,arc_challenge,C,C,correct,loglikelihood
AKDE&ED_2008_8_40,google/gemma-3-1b-it,arc_challenge,D,C,wrong,loglikelihood
Mercury_183033,google/gemma-3-1b-it,arc_challenge,A,B,wrong,loglikelihood
Mercury_402364,google/gemma-3-1b-it,arc_challenge,C,D,wrong,loglikelihood
Mercury_7263183,google/gemma-3-1b-it,arc_challenge,D,B,wrong,loglikelihood
Mercury_7222530,google/gemma-3-1b-it,arc_challenge,B,B,correct,loglikelihood
OHAT_2009_8_36,google/gemma-3-1b-it,arc_challenge,C,C,correct,loglikelihood
Mercury_7141750,google/gemma-3-1b-it,arc_challenge,C,B,wrong,loglikelihood
TIMSS_2011_4_pg45,google/gemma-3-1b-it,arc_challenge,D,A,wrong,loglikelihood
MCAS_2014_5_5,google/gemma-3-1b-it,arc_challenge,A,A,correct,loglikelihood
Mercury_SC_409241,google/gemma-3-1b-it,arc_challenge,D,C,wrong,loglikelihood
Mercury_SC_401147,google/gemma-3-1b-it,arc_challenge,D,C,wrong,loglikelihood
Mercury_SC_LBS10273,google/gemma-3-1b-it,arc_challenge,A,D,wrong,loglikelihood
Mercury_401523,google/gemma-3-1b-it,arc_challenge,B,A,wrong,loglikelihood
Mercury_401865,google/gemma-3-1b-it,arc_challenge,B,D,wrong,loglikelihood
MCAS_2013_8_29435,google/gemma-3-1b-it,arc_challenge,B,B,correct,loglikelihood
Mercury_SC_406720,google/gemma-3-1b-it,arc_challenge,D,C,wrong,loglikelihood
NYSEDREGENTS_2013_8_34,google/gemma-3-1b-it,arc_challenge,D,A,wrong,loglikelihood
Mercury_7038833,google/gemma-3-1b-it,arc_challenge,D,C,wrong,loglikelihood
Mercury_175560,google/gemma-3-1b-it,arc_challenge,A,C,wrong,loglikelihood
Mercury_7005005,google/gemma-3-1b-it,arc_challenge,D,C,wrong,loglikelihood
Mercury_183890,google/gemma-3-1b-it,arc_challenge,A,D,wrong,loglikelihood
Mercury_7270358,google/gemma-3-1b-it,arc_challenge,C,D,wrong,loglikelihood
MCAS_2013_5_29411,google/gemma-3-1b-it,arc_challenge,D,C,wrong,loglikelihood
ACTAAP_2007_7_31,google/gemma-3-1b-it,arc_challenge,D,C,wrong,loglikelihood
Mercury_7082023,google/gemma-3-1b-it,arc_challenge,C,B,wrong,loglikelihood
MCAS_2003_8_21,google/gemma-3-1b-it,arc_challenge,D,B,wrong,loglikelihood
NYSEDREGENTS_2015_8_9,google/gemma-3-1b-it,arc_challenge,B,B,correct,loglikelihood
Mercury_7064750,google/gemma-3-1b-it,arc_challenge,D,D,correct,loglikelihood
TIMSS_2007_8_pg113,google/gemma-3-1b-it,arc_challenge,C,C,correct,loglikelihood
Mercury_7173583,google/gemma-3-1b-it,arc_challenge,D,C,wrong,loglikelihood
Mercury_403930,google/gemma-3-1b-it,arc_challenge,B,C,wrong,loglikelihood
Mercury_417118,google/gemma-3-1b-it,arc_challenge,C,C,correct,loglikelihood
Mercury_7143010,google/gemma-3-1b-it,arc_challenge,D,B,wrong,loglikelihood
Mercury_SC_401801,google/gemma-3-1b-it,arc_challenge,D,A,wrong,loglikelihood
Mercury_410334,google/gemma-3-1b-it,arc_challenge,D,B,wrong,loglikelihood
NAEP_2000_4_S12+3,google/gemma-3-1b-it,arc_challenge,C,B,wrong,loglikelihood
Mercury_7218015,google/gemma-3-1b-it,arc_challenge,D,D,correct,loglikelihood
Mercury_7109603,google/gemma-3-1b-it,arc_challenge,A,A,correct,loglikelihood
NYSEDREGENTS_2008_8_42,google/gemma-3-1b-it,arc_challenge,C,C,correct,loglikelihood
NAEP_2000_8_S11+11,google/gemma-3-1b-it,arc_challenge,D,B,wrong,loglikelihood
Mercury_7271670,google/gemma-3-1b-it,arc_challenge,A,D,wrong,loglikelihood
ACTAAP_2009_5_8,google/gemma-3-1b-it,arc_challenge,D,B,wrong,loglikelihood
NYSEDREGENTS_2012_4_1,google/gemma-3-1b-it,arc_challenge,A,B,wrong,loglikelihood
Mercury_SC_409030,google/gemma-3-1b-it,arc_challenge,C,D,wrong,loglikelihood
MEA_2013_8_8,google/gemma-3-1b-it,arc_challenge,A,D,wrong,loglikelihood
Mercury_7140333,google/gemma-3-1b-it,arc_challenge,C,D,wrong,loglikelihood
Mercury_SC_LBS10664,google/gemma-3-1b-it,arc_challenge,B,C,wrong,loglikelihood
Mercury_7171430,google/gemma-3-1b-it,arc_challenge,B,B,correct,loglikelihood
Mercury_SC_407572,google/gemma-3-1b-it,arc_challenge,A,D,wrong,loglikelihood
VASoL_2009_3_2,google/gemma-3-1b-it,arc_challenge,D,D,correct,loglikelihood
Mercury_SC_407383,google/gemma-3-1b-it,arc_challenge,A,D,wrong,loglikelihood
Mercury_7218400,google/gemma-3-1b-it,arc_challenge,A,B,wrong,loglikelihood
Mercury_184818,google/gemma-3-1b-it,arc_challenge,D,D,correct,loglikelihood
Mercury_SC_405931,google/gemma-3-1b-it,arc_challenge,D,D,correct,loglikelihood
Mercury_SC_416177,google/gemma-3-1b-it,arc_challenge,D,C,wrong,loglikelihood
Mercury_SC_406625,google/gemma-3-1b-it,arc_challenge,B,B,correct,loglikelihood
MCAS_2014_8_16,google/gemma-3-1b-it,arc_challenge,D,D,correct,loglikelihood
Mercury_7138460,google/gemma-3-1b-it,arc_challenge,C,C,correct,loglikelihood
Mercury_7129640,google/gemma-3-1b-it,arc_challenge,A,B,wrong,loglikelihood
Mercury_7024290,google/gemma-3-1b-it,arc_challenge,C,B,wrong,loglikelihood
NYSEDREGENTS_2008_4_28,google/gemma-3-1b-it,arc_challenge,C,C,correct,loglikelihood
Mercury_SC_414339,google/gemma-3-1b-it,arc_challenge,B,C,wrong,loglikelihood
LEAP_2000_8_2,google/gemma-3-1b-it,arc_challenge,A,A,correct,loglikelihood
Mercury_7172270,google/gemma-3-1b-it,arc_challenge,A,A,correct,loglikelihood
Mercury_184205,google/gemma-3-1b-it,arc_challenge,A,C,wrong,loglikelihood
Mercury_SC_400683,google/gemma-3-1b-it,arc_challenge,D,A,wrong,loglikelihood
Mercury_7182210,google/gemma-3-1b-it,arc_challenge,A,B,wrong,loglikelihood
Mercury_7238945,google/gemma-3-1b-it,arc_challenge,C,C,correct,loglikelihood
Mercury_SC_408748,google/gemma-3-1b-it,arc_challenge,B,D,wrong,loglikelihood
MEA_2016_5_4,google/gemma-3-1b-it,arc_challenge,D,D,correct,loglikelihood
Mercury_7271513,google/gemma-3-1b-it,arc_challenge,A,D,wrong,loglikelihood
Mercury_7189000,google/gemma-3-1b-it,arc_challenge,B,A,wrong,loglikelihood
Mercury_SC_401585,google/gemma-3-1b-it,arc_challenge,B,A,wrong,loglikelihood
Mercury_188528,google/gemma-3-1b-it,arc_challenge,C,D,wrong,loglikelihood
Mercury_SC_415719,google/gemma-3-1b-it,arc_challenge,C,A,wrong,loglikelihood
Mercury_SC_407072,google/gemma-3-1b-it,arc_challenge,A,A,correct,loglikelihood
Mercury_7091823,google/gemma-3-1b-it,arc_challenge,C,A,wrong,loglikelihood
Mercury_7040985,google/gemma-3-1b-it,arc_challenge,C,B,wrong,loglikelihood
Mercury_SC_409383,google/gemma-3-1b-it,arc_challenge,D,D,correct,loglikelihood
Mercury_SC_407080,google/gemma-3-1b-it,arc_challenge,D,D,correct,loglikelihood
MCAS_2000_4_34,google/gemma-3-1b-it,arc_challenge,C,A,wrong,loglikelihood
Mercury_7032498,google/gemma-3-1b-it,arc_challenge,A,D,wrong,loglikelihood
TAKS_2009_5_30,google/gemma-3-1b-it,arc_challenge,A,A,correct,loglikelihood
Mercury_SC_415761,google/gemma-3-1b-it,arc_challenge,C,C,correct,loglikelihood
ACTAAP_2008_5_10,google/gemma-3-1b-it,arc_challenge,D,D,correct,loglikelihood
Mercury_416671,google/gemma-3-1b-it,arc_challenge,D,D,correct,loglikelihood
Mercury_400803,google/gemma-3-1b-it,arc_challenge,D,D,correct,loglikelihood
Mercury_7005880,google/gemma-3-1b-it,arc_challenge,C,C,correct,loglikelihood
Mercury_7210508,google/gemma-3-1b-it,arc_challenge,D,C,wrong,loglikelihood
NYSEDREGENTS_2013_4_1,google/gemma-3-1b-it,arc_challenge,C,C,correct,loglikelihood
NYSEDREGENTS_2008_4_12,google/gemma-3-1b-it,arc_challenge,A,C,wrong,loglikelihood
Mercury_400091,google/gemma-3-1b-it,arc_challenge,B,B,correct,loglikelihood
Mercury_SC_402257,google/gemma-3-1b-it,arc_challenge,A,D,wrong,loglikelihood
Mercury_7227815,google/gemma-3-1b-it,arc_challenge,B,D,wrong,loglikelihood
ACTAAP_2010_7_3,google/gemma-3-1b-it,arc_challenge,B,A,wrong,loglikelihood
Mercury_SC_410905,google/gemma-3-1b-it,arc_challenge,D,D,correct,loglikelihood
OHAT_2010_5_18,google/gemma-3-1b-it,arc_challenge,B,D,wrong,loglikelihood
NAEP_2000_8_S11+10,google/gemma-3-1b-it,arc_challenge,C,A,wrong,loglikelihood
MCAS_2003_8_29,google/gemma-3-1b-it,arc_challenge,D,B,wrong,loglikelihood
Mercury_401433,google/gemma-3-1b-it,arc_challenge,D,D,correct,loglikelihood
TIMSS_1995_8_N4,google/gemma-3-1b-it,arc_challenge,E,B,wrong,loglikelihood
Mercury_SC_405885,google/gemma-3-1b-it,arc_challenge,C,C,correct,loglikelihood
Mercury_7263638,google/gemma-3-1b-it,arc_challenge,B,B,correct,loglikelihood
Mercury_401428,google/gemma-3-1b-it,arc_challenge,A,B,wrong,loglikelihood
Mercury_SC_402121,google/gemma-3-1b-it,arc_challenge,A,B,wrong,loglikelihood
NYSEDREGENTS_2015_4_7,google/gemma-3-1b-it,arc_challenge,C,A,wrong,loglikelihood
MCAS_2012_5_23614,google/gemma-3-1b-it,arc_challenge,D,C,wrong,loglikelihood
Mercury_407262,google/gemma-3-1b-it,arc_challenge,A,A,correct,loglikelihood
MCAS_2014_8_6,google/gemma-3-1b-it,arc_challenge,D,B,wrong,loglikelihood
Mercury_7032515,google/gemma-3-1b-it,arc_challenge,C,D,wrong,loglikelihood
Mercury_7270165,google/gemma-3-1b-it,arc_challenge,D,C,wrong,loglikelihood
Mercury_7017045,google/gemma-3-1b-it,arc_challenge,C,B,wrong,loglikelihood
Mercury_SC_400386,google/gemma-3-1b-it,arc_challenge,C,A,wrong,loglikelihood
Mercury_400750,google/gemma-3-1b-it,arc_challenge,D,D,correct,loglikelihood
MCAS_2006_9_28-v1,google/gemma-3-1b-it,arc_challenge,D,C,wrong,loglikelihood
Mercury_416376,google/gemma-3-1b-it,arc_challenge,C,D,wrong,loglikelihood
Mercury_7086520,google/gemma-3-1b-it,arc_challenge,D,A,wrong,loglikelihood
Mercury_7014333,google/gemma-3-1b-it,arc_challenge,D,A,wrong,loglikelihood
Mercury_SC_406623,google/gemma-3-1b-it,arc_challenge,B,A,wrong,loglikelihood
Mercury_7042648,google/gemma-3-1b-it,arc_challenge,B,A,wrong,loglikelihood
MCAS_2004_8_23,google/gemma-3-1b-it,arc_challenge,A,B,wrong,loglikelihood
MCAS_2013_8_29425,google/gemma-3-1b-it,arc_challenge,A,A,correct,loglikelihood
MEAP_2005_5_15,google/gemma-3-1b-it,arc_challenge,B,B,correct,loglikelihood
Mercury_7016258,google/gemma-3-1b-it,arc_challenge,B,B,correct,loglikelihood
NCEOGA_2013_8_5,google/gemma-3-1b-it,arc_challenge,D,A,wrong,loglikelihood
Mercury_7015540,google/gemma-3-1b-it,arc_challenge,A,B,wrong,loglikelihood
Mercury_SC_414001,google/gemma-3-1b-it,arc_challenge,B,D,wrong,loglikelihood
Mercury_7017973,google/gemma-3-1b-it,arc_challenge,D,D,correct,loglikelihood
Mercury_407097,google/gemma-3-1b-it,arc_challenge,D,C,wrong,loglikelihood
Mercury_SC_406794,google/gemma-3-1b-it,arc_challenge,C,C,correct,loglikelihood
Mercury_7227710,google/gemma-3-1b-it,arc_challenge,C,D,wrong,loglikelihood
Mercury_SC_406710,google/gemma-3-1b-it,arc_challenge,B,C,wrong,loglikelihood
Mercury_401926,google/gemma-3-1b-it,arc_challenge,B,D,wrong,loglikelihood
MCAS_2014_5_15,google/gemma-3-1b-it,arc_challenge,A,D,wrong,loglikelihood
Mercury_LBS10151,google/gemma-3-1b-it,arc_challenge,B,A,wrong,loglikelihood
ACTAAP_2013_5_8,google/gemma-3-1b-it,arc_challenge,D,B,wrong,loglikelihood
Mercury_SC_407592,google/gemma-3-1b-it,arc_challenge,D,A,wrong,loglikelihood
TIMSS_1995_8_L6,google/gemma-3-1b-it,arc_challenge,C,D,wrong,loglikelihood
Mercury_7233398,google/gemma-3-1b-it,arc_challenge,C,C,correct,loglikelihood
Mercury_407664,google/gemma-3-1b-it,arc_challenge,B,D,wrong,loglikelihood
Mercury_SC_408657,google/gemma-3-1b-it,arc_challenge,C,D,wrong,loglikelihood
Mercury_7142800,google/gemma-3-1b-it,arc_challenge,C,B,wrong,loglikelihood
Mercury_SC_410837,google/gemma-3-1b-it,arc_challenge,B,B,correct,loglikelihood
Mercury_7154315,google/gemma-3-1b-it,arc_challenge,A,A,correct,loglikelihood
Mercury_7239628,google/gemma-3-1b-it,arc_challenge,B,D,wrong,loglikelihood
Mercury_401241,google/gemma-3-1b-it,arc_challenge,A,A,correct,loglikelihood
Mercury_SC_408251,google/gemma-3-1b-it,arc_challenge,B,A,wrong,loglikelihood
Mercury_7175893,google/gemma-3-1b-it,arc_challenge,C,D,wrong,loglikelihood
Mercury_7202843,google/gemma-3-1b-it,arc_challenge,B,A,wrong,loglikelihood
Mercury_7159023,google/gemma-3-1b-it,arc_challenge,B,C,wrong,loglikelihood
MDSA_2008_8_3,google/gemma-3-1b-it,arc_challenge,D,D,correct,loglikelihood
Mercury_7218348,google/gemma-3-1b-it,arc_challenge,C,A,wrong,loglikelihood
Mercury_SC_406458,google/gemma-3-1b-it,arc_challenge,D,D,correct,loglikelihood
LEAP_2007_4_10280,google/gemma-3-1b-it,arc_challenge,C,A,wrong,loglikelihood
Mercury_7216965,google/gemma-3-1b-it,arc_challenge,A,C,wrong,loglikelihood
NYSEDREGENTS_2010_8_42,google/gemma-3-1b-it,arc_challenge,D,B,wrong,loglikelihood
LEAP__7_10351,google/gemma-3-1b-it,arc_challenge,C,C,correct,loglikelihood
Mercury_SC_400590,google/gemma-3-1b-it,arc_challenge,D,D,correct,loglikelihood
Mercury_7086608,google/gemma-3-1b-it,arc_challenge,A,B,wrong,loglikelihood
Mercury_7187863,google/gemma-3-1b-it,arc_challenge,D,D,correct,loglikelihood
Mercury_7120873,google/gemma-3-1b-it,arc_challenge,D,C,wrong,loglikelihood
Mercury_184730,google/gemma-3-1b-it,arc_challenge,B,B,correct,loglikelihood
Mercury_SC_401265,google/gemma-3-1b-it,arc_challenge,B,D,wrong,loglikelihood
OHAT_2009_8_34,google/gemma-3-1b-it,arc_challenge,B,D,wrong,loglikelihood
Mercury_406639,google/gemma-3-1b-it,arc_challenge,D,B,wrong,loglikelihood
Mercury_7008610,google/gemma-3-1b-it,arc_challenge,C,D,wrong,loglikelihood
MCAS_2009_8_12,google/gemma-3-1b-it,arc_challenge,C,A,wrong,loglikelihood
MCAS_2005_8_12,google/gemma-3-1b-it,arc_challenge,B,C,wrong,loglikelihood
ACTAAP_2008_7_4,google/gemma-3-1b-it,arc_challenge,D,B,wrong,loglikelihood
NYSEDREGENTS_2008_4_3,google/gemma-3-1b-it,arc_challenge,D,D,correct,loglikelihood
Mercury_SC_416181,google/gemma-3-1b-it,arc_challenge,B,B,correct,loglikelihood
NYSEDREGENTS_2010_4_30,google/gemma-3-1b-it,arc_challenge,B,B,correct,loglikelihood
Mercury_7025060,google/gemma-3-1b-it,arc_challenge,B,D,wrong,loglikelihood
Mercury_SC_402103,google/gemma-3-1b-it,arc_challenge,D,D,correct,loglikelihood
VASoL_2009_5_37,google/gemma-3-1b-it,arc_challenge,B,C,wrong,loglikelihood
Mercury_SC_402981,google/gemma-3-1b-it,arc_challenge,A,D,wrong,loglikelihood
NYSEDREGENTS_2008_8_5,google/gemma-3-1b-it,arc_challenge,A,B,wrong,loglikelihood
MCAS_1998_4_13,google/gemma-3-1b-it,arc_challenge,B,B,correct,loglikelihood
MDSA_2008_8_20,google/gemma-3-1b-it,arc_challenge,B,C,wrong,loglikelihood
Mercury_SC_400134,google/gemma-3-1b-it,arc_challenge,D,D,correct,loglikelihood
Mercury_SC_LBS10265,google/gemma-3-1b-it,arc_challenge,D,C,wrong,loglikelihood
Mercury_7188580,google/gemma-3-1b-it,arc_challenge,B,A,wrong,loglikelihood
Mercury_402348,google/gemma-3-1b-it,arc_challenge,D,A,wrong,loglikelihood
Mercury_7030555,google/gemma-3-1b-it,arc_challenge,B,C,wrong,loglikelihood
Mercury_SC_415453,google/gemma-3-1b-it,arc_challenge,C,A,wrong,loglikelihood
Mercury_7074848,google/gemma-3-1b-it,arc_challenge,D,A,wrong,loglikelihood
Mercury_SC_400582,google/gemma-3-1b-it,arc_challenge,D,A,wrong,loglikelihood
Mercury_SC_401168,google/gemma-3-1b-it,arc_challenge,A,C,wrong,loglikelihood
Mercury_180828,google/gemma-3-1b-it,arc_challenge,C,C,correct,loglikelihood
FCAT_2008_5_1,google/gemma-3-1b-it,arc_challenge,D,A,wrong,loglikelihood
TAKS_2009_5_25,google/gemma-3-1b-it,arc_challenge,C,C,correct,loglikelihood
Mercury_SC_LBS10392,google/gemma-3-1b-it,arc_challenge,B,A,wrong,loglikelihood
Mercury_7212905,google/gemma-3-1b-it,arc_challenge,A,B,wrong,loglikelihood
Mercury_7212888,google/gemma-3-1b-it,arc_challenge,D,A,wrong,loglikelihood
MDSA_2007_8_42,google/gemma-3-1b-it,arc_challenge,D,D,correct,loglikelihood
Mercury_SC_415534,google/gemma-3-1b-it,arc_challenge,D,B,wrong,loglikelihood
Mercury_7213413,google/gemma-3-1b-it,arc_challenge,A,D,wrong,loglikelihood
Mercury_7068635,google/gemma-3-1b-it,arc_challenge,C,C,correct,loglikelihood
Mercury_417137,google/gemma-3-1b-it,arc_challenge,C,C,correct,loglikelihood
Mercury_7268258,google/gemma-3-1b-it,arc_challenge,D,C,wrong,loglikelihood
NAEP_2005_4_S13+14,google/gemma-3-1b-it,arc_challenge,C,C,correct,loglikelihood
Mercury_SC_406089,google/gemma-3-1b-it,arc_challenge,D,D,correct,loglikelihood
Mercury_SC_400700,google/gemma-3-1b-it,arc_challenge,D,C,wrong,loglikelihood
Mercury_7223493,google/gemma-3-1b-it,arc_challenge,B,A,wrong,loglikelihood
Mercury_SC_405928,google/gemma-3-1b-it,arc_challenge,D,D,correct,loglikelihood
MCAS_2009_5_6518,google/gemma-3-1b-it,arc_challenge,C,D,wrong,loglikelihood
MCAS_2006_9_1,google/gemma-3-1b-it,arc_challenge,B,B,correct,loglikelihood
Mercury_7239383,google/gemma-3-1b-it,arc_challenge,C,B,wrong,loglikelihood
Mercury_SC_400130,google/gemma-3-1b-it,arc_challenge,C,B,wrong,loglikelihood
Mercury_401426,google/gemma-3-1b-it,arc_challenge,C,D,wrong,loglikelihood
MCAS_2010_8_12016,google/gemma-3-1b-it,arc_challenge,A,C,wrong,loglikelihood
Mercury_SC_400324,google/gemma-3-1b-it,arc_challenge,B,B,correct,loglikelihood
Mercury_SC_LBS10662,google/gemma-3-1b-it,arc_challenge,B,C,wrong,loglikelihood
VASoL_2009_3_8,google/gemma-3-1b-it,arc_challenge,A,D,wrong,loglikelihood
Mercury_SC_401185,google/gemma-3-1b-it,arc_challenge,D,C,wrong,loglikelihood
NYSEDREGENTS_2015_8_29,google/gemma-3-1b-it,arc_challenge,C,C,correct,loglikelihood
Mercury_7234378,google/gemma-3-1b-it,arc_challenge,C,D,wrong,loglikelihood
ACTAAP_2014_7_3,google/gemma-3-1b-it,arc_challenge,A,D,wrong,loglikelihood
MDSA_2008_8_27,google/gemma-3-1b-it,arc_challenge,B,D,wrong,loglikelihood
Mercury_7004725,google/gemma-3-1b-it,arc_challenge,B,A,wrong,loglikelihood
Mercury_405143,google/gemma-3-1b-it,arc_challenge,C,C,correct,loglikelihood
MCAS_2003_8_7,google/gemma-3-1b-it,arc_challenge,D,A,wrong,loglikelihood
Mercury_SC_405341,google/gemma-3-1b-it,arc_challenge,C,A,wrong,loglikelihood
Mercury_7283833,google/gemma-3-1b-it,arc_challenge,A,B,wrong,loglikelihood
Mercury_7159303,google/gemma-3-1b-it,arc_challenge,A,A,correct,loglikelihood
Mercury_406427,google/gemma-3-1b-it,arc_challenge,C,C,correct,loglikelihood
Mercury_SC_414129,google/gemma-3-1b-it,arc_challenge,D,B,wrong,loglikelihood
Mercury_7108990,google/gemma-3-1b-it,arc_challenge,D,A,wrong,loglikelihood
Mercury_SC_407315,google/gemma-3-1b-it,arc_challenge,A,A,correct,loglikelihood
Mercury_SC_408663,google/gemma-3-1b-it,arc_challenge,B,B,correct,loglikelihood
MEA_2013_8_18,google/gemma-3-1b-it,arc_challenge,C,A,wrong,loglikelihood
Mercury_7111125,google/gemma-3-1b-it,arc_challenge,A,A,correct,loglikelihood
LEAP_2009_8_10430,google/gemma-3-1b-it,arc_challenge,C,A,wrong,loglikelihood
Mercury_7165218,google/gemma-3-1b-it,arc_challenge,D,D,correct,loglikelihood
MEA_2013_8_15,google/gemma-3-1b-it,arc_challenge,C,A,wrong,loglikelihood
